Omega0,w,rho
0.16000,0.00500,0.04474714
0.16000,0.02673,0.05189189
0.16000,0.04845,0.05986017
0.16000,0.07018,0.06870555
0.16000,0.09191,0.07848198
0.16000,0.11364,0.08924350
0.16000,0.13536,0.10104412
0.16000,0.15709,0.11393756
0.16000,0.17882,0.12797704
0.16000,0.20055,0.14321511
0.16000,0.22227,0.15970339
0.16000,0.24400,0.17749236
0.16000,0.26573,0.19663116
0.16000,0.28745,0.21716737
0.16000,0.30918,0.23914679
0.16000,0.33091,0.26261322
0.16000,0.35264,0.28760829
0.16000,0.37436,0.31417122
0.16000,0.39609,0.34233865
0.16000,0.41782,0.37214443
0.16000,0.43955,0.40361947
0.16000,0.46127,0.43679152
0.16000,0.48300,0.47168507
0.16000,0.50473,0.50832115
0.16000,0.52645,0.54671721
0.16000,0.54818,0.58688699
0.16000,0.56991,0.62884041
0.16000,0.59164,0.67258346
0.16000,0.61336,0.71811813
0.16000,0.63509,0.76544233
0.16000,0.65682,0.81454984
0.16000,0.67855,0.86543028
0.16000,0.70027,0.91806907
0.16000,0.72200,0.97244747
0.16000,0.74373,1.02854255
0.16000,0.76545,1.08632727
0.16000,0.78718,1.14577052
0.16000,0.80891,1.20683719
0.16000,0.83064,1.26948830
0.16000,0.85236,1.33368108
0.16000,0.87409,1.39936920
0.16000,0.89582,1.46650285
0.16000,0.91755,1.53502903
0.16000,0.93927,1.60489178
0.16000,0.96100,1.67603243
0.16000,0.98273,1.74838999
0.16000,1.00445,1.82190154
0.16000,1.02618,1.89650272
0.16000,1.04791,1.97212835
0.16000,1.06964,2.04871318
0.16000,1.09136,2.12619292
0.16000,1.11309,2.20450553
0.16000,1.13482,2.28359309
0.16000,1.15655,2.36340441
0.16000,1.17827,2.44389897
0.16000,1.20000,2.52505296
0.17696,0.00500,0.05623507
0.17696,0.02673,0.04748383
0.17696,0.04845,0.03974181
0.17696,0.07018,0.03294542
0.17696,0.09191,0.02703012
0.17696,0.11364,0.02193064
0.17696,0.13536,0.01758136
0.17696,0.15709,0.01391655
0.17696,0.17882,0.01087078
0.17696,0.20055,0.00837917
0.17696,0.22227,0.00637770
0.17696,0.24400,0.00480343
0.17696,0.26573,0.00359475
0.17696,0.28745,0.00269162
0.17696,0.30918,0.00203617
0.17696,0.33091,0.00157402
0.17696,0.35264,0.00125633
0.17696,0.37436,0.00104229
0.17696,0.39609,0.00090033
0.17696,0.41782,0.00080788
0.17696,0.43955,0.00074971
0.17696,0.46127,0.00071613
0.17696,0.48300,0.00070172
0.17696,0.50473,0.00070622
0.17696,0.52645,0.00074762
0.17696,0.54818,0.00093203
0.17696,0.56991,0.00134411
0.17696,0.59164,0.00198013
0.17696,0.61336,0.00290994
0.17696,0.63509,0.00426637
0.17696,0.65682,0.00628470
0.17696,0.67855,0.00941477
0.17696,0.70027,0.01445347
0.17696,0.72200,0.02233096
0.17696,0.74373,0.03370858
0.17696,0.76545,0.04911365
0.17696,0.78718,0.06908754
0.17696,0.80891,0.09413448
0.17696,0.83064,0.12462917
0.17696,0.85236,0.16072098
0.17696,0.87409,0.20223710
0.17696,0.89582,0.24859958
0.17696,0.91755,0.29880547
0.17696,0.93927,0.35160196
0.17696,0.96100,0.40615973
0.17696,0.98273,0.46365743
0.17696,1.00445,0.52918605
0.17696,1.02618,0.61088345
0.17696,1.04791,0.71597412
0.17696,1.06964,0.84940376
0.17696,1.09136,1.01545133
0.17696,1.11309,1.21903714
0.17696,1.13482,1.46620194
0.17696,1.15655,1.76427807
0.17696,1.17827,2.12201761
0.17696,1.20000,2.54974836
0.19392,0.00500,0.07354115
0.19392,0.02673,0.06835118
0.19392,0.04845,0.06407300
0.19392,0.07018,0.06067533
0.19392,0.09191,0.05813838
0.19392,0.11364,0.05645550
0.19392,0.13536,0.05563528
0.19392,0.15709,0.05570510
0.19392,0.17882,0.05671888
0.19392,0.20055,0.05878251
0.19392,0.22227,0.06219217
0.19392,0.24400,0.06957731
0.19392,0.26573,0.09928159
0.19392,0.28745,0.11508205
0.19392,0.30918,0.11206918
0.19392,0.33091,0.10568647
0.19392,0.35264,0.11495666
0.19392,0.37436,0.12943028
0.19392,0.39609,0.14754710
0.19392,0.41782,0.16939820
0.19392,0.43955,0.19541248
0.19392,0.46127,0.22617367
0.19392,0.48300,0.26238414
0.19392,0.50473,0.30486097
0.19392,0.52645,0.35454228
0.19392,0.54818,0.41249799
0.19392,0.56991,0.47994332
0.19392,0.59164,0.55825424
0.19392,0.61336,0.64898492
0.19392,0.63509,0.75388702
0.19392,0.65682,0.87493087
0.19392,0.67855,1.01432888
0.19392,0.70027,1.17456100
0.19392,0.72200,1.35840265
0.19392,0.74373,1.56895523
0.19392,0.76545,1.80967932
0.19392,0.78718,2.08443089
0.19392,0.80891,2.39750075
0.19392,0.83064,2.75365743
0.19392,0.85236,3.15819373
0.19392,0.87409,3.61697740
0.19392,0.89582,4.13650601
0.19392,0.91755,4.72396653
0.19392,0.93927,5.38729992
0.19392,0.96100,6.13527106
0.19392,0.98273,6.97754443
0.19392,1.00445,7.92476602
0.19392,1.02618,8.98865189
0.19392,1.04791,10.18208454
0.19392,1.06964,11.51921584
0.19392,1.09136,13.01557803
0.19392,1.11309,14.68820518
0.19392,1.13482,16.55576327
0.19392,1.15655,18.63869027
0.19392,1.17827,20.95934740
0.19392,1.20000,23.54218206
0.21089,0.00500,0.09450279
0.21089,0.02673,0.10535811
0.21089,0.04845,0.11789875
0.21089,0.07018,0.13232558
0.21089,0.09191,0.14886027
0.21089,0.11364,0.16774669
0.21089,0.13536,0.18925235
0.21089,0.15709,0.21366993
0.21089,0.17882,0.24131881
0.21089,0.20055,0.27254673
0.21089,0.22227,0.30773148
0.21089,0.24400,0.34728265
0.21089,0.26573,0.39164343
0.21089,0.28745,0.44129247
0.21089,0.30918,0.49674585
0.21089,0.33091,0.55855904
0.21089,0.35264,0.62732897
0.21089,0.37436,0.70369607
0.21089,0.39609,0.78834649
0.21089,0.41782,0.88201426
0.21089,0.43955,0.98548356
0.21089,0.46127,1.09959098
0.21089,0.48300,1.22522788
0.21089,0.50473,1.36334275
0.21089,0.52645,1.51494362
0.21089,0.54818,1.68110048
0.21089,0.56991,1.86294774
0.21089,0.59164,2.06168672
0.21089,0.61336,2.27858812
0.21089,0.63509,2.51499456
0.21089,0.65682,2.77232303
0.21089,0.67855,3.05206743
0.21089,0.70027,3.35580104
0.21089,0.72200,3.68517903
0.21089,0.74373,4.04194087
0.21089,0.76545,4.42791274
0.21089,0.78718,4.84500995
0.21089,0.80891,5.29523926
0.21089,0.83064,5.78070110
0.21089,0.85236,6.30359183
0.21089,0.87409,6.86620581
0.21089,0.89582,7.47093749
0.21089,0.91755,8.12028329
0.21089,0.93927,8.81684347
0.21089,0.96100,9.56332379
0.21089,0.98273,10.36253713
0.21089,1.00445,11.21740485
0.21089,1.02618,12.13095811
0.21089,1.04791,13.10633895
0.21089,1.06964,14.14680118
0.21089,1.09136,15.25571111
0.21089,1.11309,16.43654806
0.21089,1.13482,17.69290457
0.21089,1.15655,19.02848658
0.21089,1.17827,20.44711327
0.21089,1.20000,21.95271620
0.22785,0.00500,0.11333084
0.22785,0.02673,0.12807035
0.22785,0.04845,0.14422362
0.22785,0.07018,0.16188113
0.22785,0.09191,0.18113637
0.22785,0.11364,0.20208577
0.22785,0.13536,0.22482868
0.22785,0.15709,0.24946732
0.22785,0.17882,0.27610671
0.22785,0.20055,0.30485460
0.22785,0.22227,0.33582145
0.22785,0.24400,0.36912028
0.22785,0.26573,0.40486660
0.22785,0.28745,0.44317833
0.22785,0.30918,0.48417568
0.22785,0.33091,0.52798100
0.22785,0.35264,0.57471870
0.22785,0.37436,0.62451506
0.22785,0.39609,0.67749813
0.22785,0.41782,0.73379753
0.22785,0.43955,0.79354428
0.22785,0.46127,0.85687065
0.22785,0.48300,0.92390995
0.22785,0.50473,0.99479634
0.22785,0.52645,1.06966457
0.22785,0.54818,1.14864985
0.22785,0.56991,1.23188753
0.22785,0.59164,1.31951292
0.22785,0.61336,1.41166099
0.22785,0.63509,1.50846616
0.22785,0.65682,1.61006200
0.22785,0.67855,1.71658096
0.22785,0.70027,1.82815410
0.22785,0.72200,1.94491077
0.22785,0.74373,2.06697832
0.22785,0.76545,2.19448182
0.22785,0.78718,2.32754372
0.22785,0.80891,2.46628352
0.22785,0.83064,2.61081750
0.22785,0.85236,2.76125833
0.22785,0.87409,2.91771480
0.22785,0.89582,3.08029145
0.22785,0.91755,3.24908826
0.22785,0.93927,3.42420031
0.22785,0.96100,3.60571744
0.22785,0.98273,3.79372398
0.22785,1.00445,3.98829833
0.22785,1.02618,4.18951276
0.22785,1.04791,4.39743301
0.22785,1.06964,4.61211804
0.22785,1.09136,4.83361973
0.22785,1.11309,5.06198263
0.22785,1.13482,5.29724368
0.22785,1.15655,5.53943199
0.22785,1.17827,5.78856863
0.22785,1.20000,6.04466647
0.24481,0.00500,0.12927782
0.24481,0.02673,0.13355828
0.24481,0.04845,0.13801806
0.24481,0.07018,0.14265839
0.24481,0.09191,0.14748036
0.24481,0.11364,0.15248494
0.24481,0.13536,0.15767298
0.24481,0.15709,0.16304519
0.24481,0.17882,0.16860217
0.24481,0.20055,0.17434437
0.24481,0.22227,0.18027210
0.24481,0.24400,0.18638556
0.24481,0.26573,0.19268478
0.24481,0.28745,0.19916968
0.24481,0.30918,0.20584000
0.24481,0.33091,0.21269538
0.24481,0.35264,0.21973527
0.24481,0.37436,0.22695901
0.24481,0.39609,0.23436576
0.24481,0.41782,0.24195456
0.24481,0.43955,0.24972429
0.24481,0.46127,0.25767367
0.24481,0.48300,0.26580129
0.24481,0.50473,0.27410558
0.24481,0.52645,0.28258483
0.24481,0.54818,0.29123718
0.24481,0.56991,0.30006062
0.24481,0.59164,0.30905301
0.24481,0.61336,0.31821207
0.24481,0.63509,0.32753537
0.24481,0.65682,0.33702036
0.24481,0.67855,0.34666435
0.24481,0.70027,0.35646454
0.24481,0.72200,0.36641800
0.24481,0.74373,0.37652168
0.24481,0.76545,0.38677244
0.24481,0.78718,0.39716702
0.24481,0.80891,0.40770209
0.24481,0.83064,0.41837422
0.24481,0.85236,0.42917991
0.24481,0.87409,0.44011563
0.24481,0.89582,0.45117778
0.24481,0.91755,0.46236277
0.24481,0.93927,0.47366700
0.24481,0.96100,0.48508692
0.24481,0.98273,0.49661906
0.24481,1.00445,0.50826009
0.24481,1.02618,0.52000691
0.24481,1.04791,0.53185672
0.24481,1.06964,0.54380723
0.24481,1.09136,0.55585681
0.24481,1.11309,0.56800488
0.24481,1.13482,0.58025245
0.24481,1.15655,0.59260289
0.24481,1.17827,0.60506350
0.24481,1.20000,0.61764808
0.26177,0.00500,0.14458281
0.26177,0.02673,0.13617004
0.26177,0.04845,0.12816900
0.26177,0.07018,0.12057334
0.26177,0.09191,0.11337593
0.26177,0.11364,0.10656889
0.26177,0.13536,0.10014360
0.26177,0.15709,0.09409070
0.26177,0.17882,0.08840014
0.26177,0.20055,0.08306121
0.26177,0.22227,0.07806260
0.26177,0.24400,0.07339241
0.26177,0.26573,0.06903826
0.26177,0.28745,0.06498732
0.26177,0.30918,0.06122641
0.26177,0.33091,0.05774205
0.26177,0.35264,0.05452060
0.26177,0.37436,0.05154830
0.26177,0.39609,0.04881139
0.26177,0.41782,0.04629620
0.26177,0.43955,0.04398923
0.26177,0.46127,0.04187726
0.26177,0.48300,0.03994742
0.26177,0.50473,0.03818725
0.26177,0.52645,0.03658479
0.26177,0.54818,0.03512861
0.26177,0.56991,0.03380785
0.26177,0.59164,0.03261229
0.26177,0.61336,0.03153230
0.26177,0.63509,0.03055892
0.26177,0.65682,0.02968383
0.26177,0.67855,0.02889932
0.26177,0.70027,0.02819836
0.26177,0.72200,0.02757453
0.26177,0.74373,0.02702205
0.26177,0.76545,0.02653586
0.26177,0.78718,0.02611167
0.26177,0.80891,0.02574630
0.26177,0.83064,0.02543838
0.26177,0.85236,0.02519054
0.26177,0.87409,0.02501768
0.26177,0.89582,0.02499578
0.26177,0.91755,0.02601126
0.26177,0.93927,0.03353316
0.26177,0.96100,0.04604090
0.26177,0.98273,0.06311400
0.26177,1.00445,0.08599802
0.26177,1.02618,0.11640301
0.26177,1.04791,0.15651693
0.26177,1.06964,0.20910321
0.26177,1.09136,0.27762926
0.26177,1.11309,0.36642376
0.26177,1.13482,0.48086597
0.26177,1.15655,0.62761257
0.26177,1.17827,0.81486817
0.26177,1.20000,1.05270716
0.27873,0.00500,0.16101025
0.27873,0.02673,0.14542769
0.27873,0.04845,0.13088311
0.27873,0.07018,0.11734523
0.27873,0.09191,0.10478194
0.27873,0.11364,0.09316033
0.27873,0.13536,0.08244672
0.27873,0.15709,0.07260670
0.27873,0.17882,0.06360515
0.27873,0.20055,0.05540628
0.27873,0.22227,0.04797365
0.27873,0.24400,0.04127024
0.27873,0.26573,0.03525845
0.27873,0.28745,0.02990019
0.27873,0.30918,0.02515688
0.27873,0.33091,0.02098953
0.27873,0.35264,0.01735877
0.27873,0.37436,0.01422490
0.27873,0.39609,0.01154799
0.27873,0.41782,0.00928789
0.27873,0.43955,0.00740437
0.27873,0.46127,0.00585722
0.27873,0.48300,0.00460650
0.27873,0.50473,0.00361292
0.27873,0.52645,0.00283851
0.27873,0.54818,0.00224767
0.27873,0.56991,0.00180925
0.27873,0.59164,0.00150094
0.27873,0.61336,0.00132419
0.27873,0.63509,0.00136852
0.27873,0.65682,0.00190380
0.27873,0.67855,0.00315164
0.27873,0.70027,0.00535479
0.27873,0.72200,0.00895262
0.27873,0.74373,0.01458821
0.27873,0.76545,0.02313845
0.27873,0.78718,0.03576336
0.27873,0.80891,0.05396641
0.27873,0.83064,0.07966465
0.27873,0.85236,0.11526888
0.27873,0.87409,0.16377494
0.27873,0.89582,0.22886697
0.27873,0.91755,0.31503403
0.27873,0.93927,0.42770133
0.27873,0.96100,0.57337746
0.27873,0.98273,0.75981925
0.27873,1.00445,0.99621594
0.27873,1.02618,1.29339436
0.27873,1.04791,1.66404727
0.27873,1.06964,2.12298673
0.27873,1.09136,2.68742507
0.27873,1.11309,3.37728559
0.27873,1.13482,4.21554596
0.27873,1.15655,5.22861685
0.27873,1.17827,6.44675906
0.27873,1.20000,7.90454242
0.29570,0.00500,0.17896340
0.29570,0.02673,0.16337864
0.29570,0.04845,0.14883320
0.29570,0.07018,0.13528637
0.29570,0.09191,0.12269789
0.29570,0.11364,0.11102795
0.29570,0.13536,0.10023730
0.29570,0.15709,0.09028723
0.29570,0.17882,0.08113974
0.29570,0.20055,0.07275754
0.29570,0.22227,0.06510419
0.29570,0.24400,0.05814417
0.29570,0.26573,0.05184310
0.29570,0.28745,0.04616787
0.29570,0.30918,0.04108692
0.29570,0.33091,0.03657059
0.29570,0.35264,0.03259163
0.29570,0.37436,0.02912593
0.29570,0.39609,0.02615368
0.29570,0.41782,0.02366125
0.29570,0.43955,0.02164439
0.29570,0.46127,0.02011402
0.29570,0.48300,0.01910755
0.29570,0.50473,0.01871208
0.29570,0.52645,0.01911631
0.29570,0.54818,0.02073355
0.29570,0.56991,0.02449919
0.29570,0.59164,0.03247913
0.29570,0.61336,0.04837076
0.29570,0.63509,0.07642196
0.29570,0.65682,0.11986834
0.29570,0.67855,0.18132624
0.29570,0.70027,0.26353985
0.29570,0.72200,0.36956471
0.29570,0.74373,0.50275057
0.29570,0.76545,0.66670733
0.29570,0.78718,0.86528072
0.29570,0.80891,1.10253528
0.29570,0.83064,1.38274078
0.29570,0.85236,1.71035970
0.29570,0.87409,2.09003464
0.29570,0.89582,2.52657488
0.29570,0.91755,3.02494178
0.29570,0.93927,3.59023279
0.29570,0.96100,4.22766401
0.29570,0.98273,4.94255107
0.29570,1.00445,5.74028853
0.29570,1.02618,6.62632759
0.29570,1.04791,7.60615221
0.29570,1.06964,8.68525362
0.29570,1.09136,9.86910338
0.29570,1.11309,11.16312481
0.29570,1.13482,12.57266315
0.29570,1.15655,14.10295427
0.29570,1.17827,15.75909223
0.29570,1.20000,17.54599564
0.31266,0.00500,0.19795141
0.31266,0.02673,0.18799748
0.31266,0.04845,0.17880189
0.31266,0.07018,0.17034529
0.31266,0.09191,0.16261064
0.31266,0.11364,0.15558345
0.31266,0.13536,0.14925231
0.31266,0.15709,0.14360946
0.31266,0.17882,0.13865169
0.31266,0.20055,0.13438156
0.31266,0.22227,0.13080939
0.31266,0.24400,0.12795642
0.31266,0.26573,0.12586032
0.31266,0.28745,0.12458523
0.31266,0.30918,0.12424201
0.31266,0.33091,0.12503252
0.31266,0.35264,0.12736050
0.31266,0.37436,0.13215889
0.31266,0.39609,0.14210167
0.31266,0.41782,0.16702541
0.31266,0.43955,0.23049796
0.31266,0.46127,0.32293782
0.31266,0.48300,0.42312448
0.31266,0.50473,0.52646050
0.31266,0.52645,0.63149037
0.31266,0.54818,0.73698497
0.31266,0.56991,0.84161670
0.31266,0.59164,0.94393944
0.31266,0.61336,1.04240807
0.31266,0.63509,1.13540232
0.31266,0.65682,1.22125094
0.31266,0.67855,1.29825723
0.31266,0.70027,1.36472746
0.31266,0.72200,1.41900501
0.31266,0.74373,1.45951395
0.31266,0.76545,1.48481922
0.31266,0.78718,1.49371660
0.31266,0.80891,1.48537813
0.31266,0.83064,1.45960369
0.31266,0.85236,1.41727449
0.31266,0.87409,1.36116245
0.31266,0.89582,1.29719691
0.31266,0.91755,1.23562358
0.31266,0.93927,1.18970648
0.31266,0.96100,1.16996385
0.31266,0.98273,1.17912565
0.31266,1.00445,1.21404614
0.31266,1.02618,1.27031858
0.31266,1.04791,1.34456454
0.31266,1.06964,1.43473031
0.31266,1.09136,1.53978411
0.31266,1.11309,1.65939611
0.31266,1.13482,1.79371479
0.31266,1.15655,1.94322674
0.31266,1.17827,2.10867192
0.31266,1.20000,2.29099299
0.32962,0.00500,0.21719985
0.32962,0.02673,0.21576383
0.32962,0.04845,0.21506969
0.32962,0.07018,0.21520417
0.32962,0.09191,0.21822479
0.32962,0.11364,0.25869296
0.32962,0.13536,0.25423597
0.32962,0.15709,0.22560442
0.32962,0.17882,0.22861823
0.32962,0.20055,0.23372697
0.32962,0.22227,0.24007843
0.32962,0.24400,0.24763910
0.32962,0.26573,0.25646269
0.32962,0.28745,0.26663044
0.32962,0.30918,0.27823972
0.32962,0.33091,0.29140127
0.32962,0.35264,0.30623879
0.32962,0.37436,0.32288927
0.32962,0.39609,0.34150380
0.32962,0.41782,0.36224845
0.32962,0.43955,0.38530535
0.32962,0.46127,0.41087390
0.32962,0.48300,0.43917197
0.32962,0.50473,0.47043736
0.32962,0.52645,0.50492920
0.32962,0.54818,0.54292955
0.32962,0.56991,0.58474509
0.32962,0.59164,0.63070887
0.32962,0.61336,0.68118227
0.32962,0.63509,0.73655698
0.32962,0.65682,0.79725722
0.32962,0.67855,0.86374201
0.32962,0.70027,0.93650762
0.32962,0.72200,1.01609025
0.32962,0.74373,1.10306874
0.32962,0.76545,1.19806756
0.32962,0.78718,1.30175995
0.32962,0.80891,1.41487129
0.32962,0.83064,1.53818261
0.32962,0.85236,1.67253440
0.32962,0.87409,1.81883060
0.32962,0.89582,1.97804287
0.32962,0.91755,2.15121508
0.32962,0.93927,2.33946812
0.32962,0.96100,2.54400497
0.32962,0.98273,2.76611609
0.32962,1.00445,3.00718513
0.32962,1.02618,3.26869499
0.32962,1.04791,3.55223418
0.32962,1.06964,3.85950369
0.32962,1.09136,4.19232411
0.32962,1.11309,4.55264328
0.32962,1.13482,4.94254433
0.32962,1.15655,5.36425424
0.32962,1.17827,5.82015281
0.32962,1.20000,6.31278229
0.34658,0.00500,0.23603024
0.34658,0.02673,0.24328594
0.34658,0.04845,0.25154760
0.34658,0.07018,0.26089120
0.34658,0.09191,0.27139998
0.34658,0.11364,0.28316505
0.34658,0.13536,0.29628594
0.34658,0.15709,0.31087126
0.34658,0.17882,0.32703932
0.34658,0.20055,0.34491890
0.34658,0.22227,0.36464995
0.34658,0.24400,0.38638444
0.34658,0.26573,0.41028718
0.34658,0.28745,0.43653674
0.34658,0.30918,0.46532643
0.34658,0.33091,0.49686528
0.34658,0.35264,0.53137915
0.34658,0.37436,0.56911190
0.34658,0.39609,0.61032654
0.34658,0.41782,0.65530659
0.34658,0.43955,0.70435740
0.34658,0.46127,0.75780759
0.34658,0.48300,0.81601063
0.34658,0.50473,0.87934641
0.34658,0.52645,0.94822297
0.34658,0.54818,1.02307830
0.34658,0.56991,1.10438231
0.34658,0.59164,1.19263878
0.34658,0.61336,1.28838757
0.34658,0.63509,1.39220684
0.34658,0.65682,1.50471550
0.34658,0.67855,1.62657567
0.34658,0.70027,1.75849542
0.34658,0.72200,1.90123159
0.34658,0.74373,2.05559270
0.34658,0.76545,2.22244221
0.34658,0.78718,2.40270176
0.34658,0.80891,2.59735471
0.34658,0.83064,2.80744987
0.34658,0.85236,3.03410536
0.34658,0.87409,3.27851276
0.34658,0.89582,3.54194144
0.34658,0.91755,3.82574317
0.34658,0.93927,4.13135694
0.34658,0.96100,4.46031403
0.34658,0.98273,4.81424342
0.34658,1.00445,5.19487744
0.34658,1.02618,5.60405770
0.34658,1.04791,6.04374141
0.34658,1.06964,6.51600798
0.34658,1.09136,7.02306602
0.34658,1.11309,7.56726063
0.34658,1.13482,8.15108117
0.34658,1.15655,8.77716942
0.34658,1.17827,9.44832810
0.34658,1.20000,10.16752994
0.36354,0.00500,0.25400470
0.36354,0.02673,0.26820894
0.36354,0.04845,0.28373340
0.36354,0.07018,0.30068151
0.36354,0.09191,0.31916444
0.36354,0.11364,0.33930162
0.36354,0.13536,0.36122122
0.36354,0.15709,0.38506069
0.36354,0.17882,0.41096739
0.36354,0.20055,0.43909912
0.36354,0.22227,0.46962482
0.36354,0.24400,0.50272522
0.36354,0.26573,0.53859354
0.36354,0.28745,0.57743624
0.36354,0.30918,0.61947384
0.36354,0.33091,0.66494169
0.36354,0.35264,0.71409087
0.36354,0.37436,0.76718913
0.36354,0.39609,0.82452180
0.36354,0.41782,0.88639286
0.36354,0.43955,0.95312594
0.36354,0.46127,1.02506553
0.36354,0.48300,1.10257808
0.36354,0.50473,1.18605327
0.36354,0.52645,1.27590532
0.36354,0.54818,1.37257436
0.36354,0.56991,1.47652786
0.36354,0.59164,1.58826215
0.36354,0.61336,1.70830399
0.36354,0.63509,1.83721228
0.36354,0.65682,1.97557980
0.36354,0.67855,2.12403502
0.36354,0.70027,2.28324408
0.36354,0.72200,2.45391281
0.36354,0.74373,2.63678886
0.36354,0.76545,2.83266392
0.36354,0.78718,3.04237612
0.36354,0.80891,3.26681248
0.36354,0.83064,3.50691147
0.36354,0.85236,3.76366580
0.36354,0.87409,4.03812519
0.36354,0.89582,4.33139943
0.36354,0.91755,4.64466153
0.36354,0.93927,4.97915095
0.36354,0.96100,5.33617714
0.36354,0.98273,5.71712310
0.36354,1.00445,6.12344927
0.36354,1.02618,6.55669743
0.36354,1.04791,7.01849498
0.36354,1.06964,7.51055926
0.36354,1.09136,8.03470222
0.36354,1.11309,8.59283521
0.36354,1.13482,9.18697407
0.36354,1.15655,9.81924446
0.36354,1.17827,10.49188741
0.36354,1.20000,11.20726516
0.38051,0.00500,0.27092464
0.38051,0.02673,0.28941586
0.38051,0.04845,0.30935361
0.38051,0.07018,0.33083723
0.38051,0.09191,0.35397202
0.38051,0.11364,0.37886956
0.38051,0.13536,0.40564799
0.38051,0.15709,0.43443237
0.38051,0.17882,0.46535504
0.38051,0.20055,0.49855597
0.38051,0.22227,0.53418317
0.38051,0.24400,0.57239308
0.38051,0.26573,0.61335097
0.38051,0.28745,0.65723143
0.38051,0.30918,0.70421878
0.38051,0.33091,0.75450761
0.38051,0.35264,0.80830323
0.38051,0.37436,0.86582221
0.38051,0.39609,0.92729298
0.38051,0.41782,0.99295633
0.38051,0.43955,1.06306609
0.38051,0.46127,1.13788971
0.38051,0.48300,1.21770892
0.38051,0.50473,1.30282046
0.38051,0.52645,1.39353675
0.38051,0.54818,1.49018671
0.38051,0.56991,1.59311645
0.38051,0.59164,1.70269020
0.38051,0.61336,1.81929110
0.38051,0.63509,1.94332210
0.38051,0.65682,2.07520695
0.38051,0.67855,2.21539113
0.38051,0.70027,2.36434291
0.38051,0.72200,2.52255440
0.38051,0.74373,2.69054267
0.38051,0.76545,2.86885095
0.38051,0.78718,3.05804981
0.38051,0.80891,3.25873847
0.38051,0.83064,3.47154614
0.38051,0.85236,3.69713336
0.38051,0.87409,3.93619352
0.38051,0.89582,4.18945438
0.38051,0.91755,4.45767958
0.38051,0.93927,4.74167043
0.38051,0.96100,5.04226752
0.38051,0.98273,5.36035261
0.38051,1.00445,5.69685052
0.38051,1.02618,6.05273108
0.38051,1.04791,6.42901120
0.38051,1.06964,6.82675707
0.38051,1.09136,7.24708636
0.38051,1.11309,7.69117063
0.38051,1.13482,8.16023775
0.38051,1.15655,8.65557459
0.38051,1.17827,9.17852956
0.38051,1.20000,9.73051544
0.39747,0.00500,0.28676787
0.39747,0.02673,0.30679161
0.39747,0.04845,0.32814556
0.39747,0.07018,0.35090442
0.39747,0.09191,0.37514635
0.39747,0.11364,0.40095318
0.39747,0.13536,0.42841052
0.39747,0.15709,0.45760793
0.39747,0.17882,0.48863909
0.39747,0.20055,0.52160193
0.39747,0.22227,0.55659885
0.39747,0.24400,0.59373689
0.39747,0.26573,0.63312792
0.39747,0.28745,0.67488880
0.39747,0.30918,0.71914165
0.39747,0.33091,0.76601401
0.39747,0.35264,0.81563908
0.39747,0.37436,0.86815595
0.39747,0.39609,0.92370986
0.39747,0.41782,0.98245240
0.39747,0.43955,1.04454180
0.39747,0.46127,1.11014322
0.39747,0.48300,1.17942897
0.39747,0.50473,1.25257885
0.39747,0.52645,1.32978045
0.39747,0.54818,1.41122945
0.39747,0.56991,1.49712992
0.39747,0.59164,1.58769472
0.39747,0.61336,1.68314582
0.39747,0.63509,1.78371465
0.39747,0.65682,1.88964253
0.39747,0.67855,2.00118103
0.39747,0.70027,2.11859239
0.39747,0.72200,2.24214995
0.39747,0.74373,2.37213863
0.39747,0.76545,2.50885534
0.39747,0.78718,2.65260951
0.39747,0.80891,2.80372357
0.39747,0.83064,2.96253349
0.39747,0.85236,3.12938931
0.39747,0.87409,3.30465571
0.39747,0.89582,3.48871262
0.39747,0.91755,3.68195581
0.39747,0.93927,3.88479754
0.39747,0.96100,4.09766722
0.39747,0.98273,4.32101211
0.39747,1.00445,4.55529805
0.39747,1.02618,4.80101018
0.39747,1.04791,5.05865373
0.39747,1.06964,5.32875487
0.39747,1.09136,5.61186149
0.39747,1.11309,5.90854415
0.39747,1.13482,6.21939694
0.39747,1.15655,6.54503846
0.39747,1.17827,6.88611283
0.39747,1.20000,7.24329067
0.41443,0.00500,0.30161655
0.41443,0.02673,0.32082484
0.41443,0.04845,0.34107709
0.41443,0.07018,0.36241870
0.41443,0.09191,0.38489669
0.41443,0.11364,0.40855968
0.41443,0.13536,0.43345801
0.41443,0.15709,0.45964376
0.41443,0.17882,0.48717078
0.41443,0.20055,0.51609483
0.41443,0.22227,0.54647354
0.41443,0.24400,0.57836656
0.41443,0.26573,0.61183554
0.41443,0.28745,0.64694428
0.41443,0.30918,0.68375872
0.41443,0.33091,0.72234708
0.41443,0.35264,0.76277988
0.41443,0.37436,0.80513004
0.41443,0.39609,0.84947295
0.41443,0.41782,0.89588657
0.41443,0.43955,0.94445147
0.41443,0.46127,0.99525097
0.41443,0.48300,1.04837118
0.41443,0.50473,1.10390115
0.41443,0.52645,1.16193288
0.41443,0.54818,1.22256152
0.41443,0.56991,1.28588539
0.41443,0.59164,1.35200613
0.41443,0.61336,1.42102880
0.41443,0.63509,1.49306199
0.41443,0.65682,1.56821794
0.41443,0.67855,1.64661266
0.41443,0.70027,1.72836606
0.41443,0.72200,1.81360207
0.41443,0.74373,1.90244879
0.41443,0.76545,1.99503862
0.41443,0.78718,2.09150842
0.41443,0.80891,2.19199963
0.41443,0.83064,2.29665846
0.41443,0.85236,2.40563602
0.41443,0.87409,2.51908852
0.41443,0.89582,2.63717742
0.41443,0.91755,2.76006961
0.41443,0.93927,2.88793760
0.41443,0.96100,3.02095972
0.41443,0.98273,3.15932032
0.41443,1.00445,3.30320995
0.41443,1.02618,3.45282562
0.41443,1.04791,3.60837097
0.41443,1.06964,3.77005657
0.41443,1.09136,3.93810008
0.41443,1.11309,4.11272655
0.41443,1.13482,4.29416868
0.41443,1.15655,4.48266704
0.41443,1.17827,4.67847042
0.41443,1.20000,4.88183603
0.43139,0.00500,0.31559966
0.43139,0.02673,0.33225862
0.43139,0.04845,0.34961822
0.43139,0.07018,0.36770063
0.43139,0.09191,0.38652859
0.43139,0.11364,0.40612533
0.43139,0.13536,0.42651470
0.43139,0.15709,0.44772106
0.43139,0.17882,0.46976939
0.43139,0.20055,0.49268527
0.43139,0.22227,0.51649486
0.43139,0.24400,0.54122496
0.43139,0.26573,0.56690304
0.43139,0.28745,0.59355717
0.43139,0.30918,0.62121613
0.43139,0.33091,0.64990937
0.43139,0.35264,0.67966707
0.43139,0.37436,0.71052009
0.43139,0.39609,0.74250007
0.43139,0.41782,0.77563937
0.43139,0.43955,0.80997115
0.43139,0.46127,0.84552937
0.43139,0.48300,0.88234878
0.43139,0.50473,0.92046500
0.43139,0.52645,0.95991447
0.43139,0.54818,1.00073454
0.43139,0.56991,1.04296345
0.43139,0.59164,1.08664035
0.43139,0.61336,1.13180538
0.43139,0.63509,1.17849960
0.43139,0.65682,1.22676512
0.43139,0.67855,1.27664504
0.43139,0.70027,1.32818353
0.43139,0.72200,1.38142583
0.43139,0.74373,1.43641830
0.43139,0.76545,1.49320843
0.43139,0.78718,1.55184488
0.43139,0.80891,1.61237753
0.43139,0.83064,1.67485746
0.43139,0.85236,1.73933706
0.43139,0.87409,1.80586997
0.43139,0.89582,1.87451122
0.43139,0.91755,1.94531719
0.43139,0.93927,2.01834566
0.43139,0.96100,2.09365590
0.43139,0.98273,2.17130864
0.43139,1.00445,2.25136617
0.43139,1.02618,2.33389233
0.43139,1.04791,2.41895263
0.43139,1.06964,2.50661420
0.43139,1.09136,2.59694591
0.43139,1.11309,2.69001842
0.43139,1.13482,2.78590418
0.43139,1.15655,2.88467752
0.43139,1.17827,2.98641470
0.43139,1.20000,3.09119395
0.44835,0.00500,0.32885523
0.44835,0.02673,0.34185803
0.44835,0.04845,0.35525356
0.44835,0.07018,0.36905000
0.44835,0.09191,0.38325567
0.44835,0.11364,0.39787898
0.44835,0.13536,0.41292845
0.44835,0.15709,0.42841272
0.44835,0.17882,0.44434054
0.44835,0.20055,0.46072077
0.44835,0.22227,0.47756239
0.44835,0.24400,0.49487450
0.44835,0.26573,0.51266631
0.44835,0.28745,0.53094716
0.44835,0.30918,0.54972652
0.44835,0.33091,0.56901396
0.44835,0.35264,0.58881921
0.44835,0.37436,0.60915210
0.44835,0.39609,0.63002262
0.44835,0.41782,0.65144086
0.44835,0.43955,0.67341708
0.44835,0.46127,0.69596166
0.44835,0.48300,0.71908512
0.44835,0.50473,0.74279814
0.44835,0.52645,0.76711151
0.44835,0.54818,0.79203621
0.44835,0.56991,0.81758334
0.44835,0.59164,0.84376419
0.44835,0.61336,0.87059015
0.44835,0.63509,0.89807284
0.44835,0.65682,0.92622398
0.44835,0.67855,0.95505549
0.44835,0.70027,0.98457946
0.44835,0.72200,1.01480814
0.44835,0.74373,1.04575397
0.44835,0.76545,1.07742955
0.44835,0.78718,1.10984769
0.44835,0.80891,1.14302136
0.44835,0.83064,1.17696375
0.44835,0.85236,1.21168821
0.44835,0.87409,1.24720833
0.44835,0.89582,1.28353787
0.44835,0.91755,1.32069082
0.44835,0.93927,1.35868137
0.44835,0.96100,1.39752394
0.44835,0.98273,1.43723316
0.44835,1.00445,1.47782389
0.44835,1.02618,1.51931124
0.44835,1.04791,1.56171052
0.44835,1.06964,1.60503733
0.44835,1.09136,1.64930748
0.44835,1.11309,1.69453706
0.44835,1.13482,1.74074240
0.44835,1.15655,1.78794012
0.44835,1.17827,1.83614709
0.44835,1.20000,1.88538048
0.46532,0.00500,0.34150943
0.46532,0.02673,0.35028894
0.46532,0.04845,0.35923929
0.46532,0.07018,0.36836235
0.46532,0.09191,0.37765996
0.46532,0.11364,0.38713398
0.46532,0.13536,0.39678626
0.46532,0.15709,0.40661866
0.46532,0.17882,0.41663301
0.46532,0.20055,0.42683115
0.46532,0.22227,0.43721493
0.46532,0.24400,0.44778618
0.46532,0.26573,0.45854673
0.46532,0.28745,0.46949841
0.46532,0.30918,0.48064305
0.46532,0.33091,0.49198247
0.46532,0.35264,0.50351848
0.46532,0.37436,0.51525289
0.46532,0.39609,0.52718753
0.46532,0.41782,0.53932420
0.46532,0.43955,0.55166469
0.46532,0.46127,0.56421081
0.46532,0.48300,0.57696436
0.46532,0.50473,0.58992713
0.46532,0.52645,0.60310090
0.46532,0.54818,0.61648747
0.46532,0.56991,0.63008860
0.46532,0.59164,0.64390609
0.46532,0.61336,0.65794170
0.46532,0.63509,0.67219721
0.46532,0.65682,0.68667439
0.46532,0.67855,0.70137499
0.46532,0.70027,0.71630079
0.46532,0.72200,0.73145353
0.46532,0.74373,0.74683498
0.46532,0.76545,0.76244688
0.46532,0.78718,0.77829098
0.46532,0.80891,0.79436904
0.46532,0.83064,0.81068280
0.46532,0.85236,0.82723400
0.46532,0.87409,0.84402437
0.46532,0.89582,0.86105566
0.46532,0.91755,0.87832961
0.46532,0.93927,0.89584794
0.46532,0.96100,0.91361240
0.46532,0.98273,0.93162470
0.46532,1.00445,0.94988660
0.46532,1.02618,0.96839980
0.46532,1.04791,0.98716605
0.46532,1.06964,1.00618707
0.46532,1.09136,1.02546459
0.46532,1.11309,1.04500034
0.46532,1.13482,1.06479606
0.46532,1.15655,1.08485347
0.46532,1.17827,1.10517430
0.46532,1.20000,1.12576028
0.48228,0.00500,0.35366756
0.48228,0.02673,0.35807422
0.48228,0.04845,0.36252871
0.48228,0.07018,0.36703105
0.48228,0.09191,0.37158125
0.48228,0.11364,0.37617933
0.48228,0.13536,0.38082528
0.48228,0.15709,0.38551911
0.48228,0.17882,0.39026079
0.48228,0.20055,0.39505031
0.48228,0.22227,0.39988765
0.48228,0.24400,0.40477275
0.48228,0.26573,0.40970559
0.48228,0.28745,0.41468612
0.48228,0.30918,0.41971427
0.48228,0.33091,0.42478999
0.48228,0.35264,0.42991320
0.48228,0.37436,0.43508383
0.48228,0.39609,0.44030179
0.48228,0.41782,0.44556698
0.48228,0.43955,0.45087932
0.48228,0.46127,0.45623869
0.48228,0.48300,0.46164497
0.48228,0.50473,0.46709806
0.48228,0.52645,0.47259782
0.48228,0.54818,0.47814412
0.48228,0.56991,0.48373682
0.48228,0.59164,0.48937577
0.48228,0.61336,0.49506081
0.48228,0.63509,0.50079179
0.48228,0.65682,0.50656854
0.48228,0.67855,0.51239088
0.48228,0.70027,0.51825864
0.48228,0.72200,0.52417162
0.48228,0.74373,0.53012964
0.48228,0.76545,0.53613249
0.48228,0.78718,0.54217997
0.48228,0.80891,0.54827187
0.48228,0.83064,0.55440796
0.48228,0.85236,0.56058803
0.48228,0.87409,0.56681184
0.48228,0.89582,0.57307916
0.48228,0.91755,0.57938975
0.48228,0.93927,0.58574336
0.48228,0.96100,0.59213973
0.48228,0.98273,0.59857861
0.48228,1.00445,0.60505974
0.48228,1.02618,0.61158284
0.48228,1.04791,0.61814763
0.48228,1.06964,0.62475385
0.48228,1.09136,0.63140121
0.48228,1.11309,0.63808941
0.48228,1.13482,0.64481816
0.48228,1.15655,0.65158716
0.48228,1.17827,0.65839610
0.48228,1.20000,0.66524468
0.49924,0.00500,0.36541214
0.49924,0.02673,0.36559346
0.49924,0.04845,0.36578657
0.49924,0.07018,0.36599147
0.49924,0.09191,0.36620816
0.49924,0.11364,0.36643664
0.49924,0.13536,0.36667692
0.49924,0.15709,0.36692900
0.49924,0.17882,0.36719288
0.49924,0.20055,0.36746856
0.49924,0.22227,0.36775604
0.49924,0.24400,0.36805531
0.49924,0.26573,0.36836636
0.49924,0.28745,0.36868919
0.49924,0.30918,0.36902378
0.49924,0.33091,0.36937011
0.49924,0.35264,0.36972817
0.49924,0.37436,0.37009793
0.49924,0.39609,0.37047937
0.49924,0.41782,0.37087247
0.49924,0.43955,0.37127720
0.49924,0.46127,0.37169353
0.49924,0.48300,0.37212142
0.49924,0.50473,0.37256083
0.49924,0.52645,0.37301174
0.49924,0.54818,0.37347410
0.49924,0.56991,0.37394787
0.49924,0.59164,0.37443301
0.49924,0.61336,0.37492947
0.49924,0.63509,0.37543720
0.49924,0.65682,0.37595615
0.49924,0.67855,0.37648627
0.49924,0.70027,0.37702751
0.49924,0.72200,0.37757981
0.49924,0.74373,0.37814312
0.49924,0.76545,0.37871737
0.49924,0.78718,0.37930251
0.49924,0.80891,0.37989847
0.49924,0.83064,0.38050520
0.49924,0.85236,0.38112261
0.49924,0.87409,0.38175066
0.49924,0.89582,0.38238927
0.49924,0.91755,0.38303836
0.49924,0.93927,0.38369788
0.49924,0.96100,0.38436775
0.49924,0.98273,0.38504789
0.49924,1.00445,0.38573824
0.49924,1.02618,0.38643871
0.49924,1.04791,0.38714923
0.49924,1.06964,0.38786973
0.49924,1.09136,0.38860011
0.49924,1.11309,0.38934032
0.49924,1.13482,0.39009026
0.49924,1.15655,0.39084985
0.49924,1.17827,0.39161901
0.49924,1.20000,0.39239766
0.51620,0.00500,0.37680472
0.51620,0.02673,0.37310260
0.51620,0.04845,0.36943988
0.51620,0.07018,0.36581670
0.51620,0.09191,0.36223321
0.51620,0.11364,0.35868955
0.51620,0.13536,0.35518582
0.51620,0.15709,0.35172214
0.51620,0.17882,0.34829862
0.51620,0.20055,0.34491535
0.51620,0.22227,0.34157239
0.51620,0.24400,0.33826983
0.51620,0.26573,0.33500771
0.51620,0.28745,0.33178610
0.51620,0.30918,0.32860501
0.51620,0.33091,0.32546449
0.51620,0.35264,0.32236454
0.51620,0.37436,0.31930517
0.51620,0.39609,0.31628638
0.51620,0.41782,0.31330814
0.51620,0.43955,0.31037043
0.51620,0.46127,0.30747321
0.51620,0.48300,0.30461644
0.51620,0.50473,0.30180006
0.51620,0.52645,0.29902399
0.51620,0.54818,0.29628817
0.51620,0.56991,0.29359249
0.51620,0.59164,0.29093686
0.51620,0.61336,0.28832118
0.51620,0.63509,0.28574533
0.51620,0.65682,0.28320917
0.51620,0.67855,0.28071256
0.51620,0.70027,0.27825538
0.51620,0.72200,0.27583745
0.51620,0.74373,0.27345861
0.51620,0.76545,0.27111870
0.51620,0.78718,0.26881752
0.51620,0.80891,0.26655489
0.51620,0.83064,0.26433061
0.51620,0.85236,0.26214448
0.51620,0.87409,0.25999628
0.51620,0.89582,0.25788579
0.51620,0.91755,0.25581278
0.51620,0.93927,0.25377702
0.51620,0.96100,0.25177827
0.51620,0.98273,0.24981628
0.51620,1.00445,0.24789079
0.51620,1.02618,0.24600155
0.51620,1.04791,0.24414830
0.51620,1.06964,0.24233075
0.51620,1.09136,0.24054865
0.51620,1.11309,0.23880171
0.51620,1.13482,0.23708965
0.51620,1.15655,0.23541218
0.51620,1.17827,0.23376902
0.51620,1.20000,0.23215987
0.53316,0.00500,0.38788932
0.53316,0.02673,0.38075968
0.53316,0.04845,0.37373507
0.53316,0.07018,0.36681533
0.53316,0.09191,0.36000034
0.53316,0.11364,0.35328988
0.53316,0.13536,0.34668376
0.53316,0.15709,0.34018173
0.53316,0.17882,0.33378352
0.53316,0.20055,0.32748881
0.53316,0.22227,0.32129728
0.53316,0.24400,0.31520857
0.53316,0.26573,0.30922227
0.53316,0.28745,0.30333798
0.53316,0.30918,0.29755524
0.53316,0.33091,0.29187357
0.53316,0.35264,0.28629246
0.53316,0.37436,0.28081138
0.53316,0.39609,0.27542975
0.53316,0.41782,0.27014700
0.53316,0.43955,0.26496249
0.53316,0.46127,0.25987558
0.53316,0.48300,0.25488559
0.53316,0.50473,0.24999183
0.53316,0.52645,0.24519356
0.53316,0.54818,0.24049003
0.53316,0.56991,0.23588047
0.53316,0.59164,0.23136407
0.53316,0.61336,0.22694000
0.53316,0.63509,0.22260741
0.53316,0.65682,0.21836543
0.53316,0.67855,0.21421317
0.53316,0.70027,0.21014970
0.53316,0.72200,0.20617409
0.53316,0.74373,0.20228537
0.53316,0.76545,0.19848258
0.53316,0.78718,0.19476471
0.53316,0.80891,0.19113076
0.53316,0.83064,0.18757968
0.53316,0.85236,0.18411043
0.53316,0.87409,0.18072195
0.53316,0.89582,0.17741316
0.53316,0.91755,0.17418298
0.53316,0.93927,0.17103029
0.53316,0.96100,0.16795399
0.53316,0.98273,0.16495294
0.53316,1.00445,0.16202603
0.53316,1.02618,0.15917209
0.53316,1.04791,0.15638999
0.53316,1.06964,0.15367857
0.53316,1.09136,0.15103666
0.53316,1.11309,0.14846310
0.53316,1.13482,0.14595673
0.53316,1.15655,0.14351636
0.53316,1.17827,0.14114083
0.53316,1.20000,0.13882897
0.55013,0.00500,0.39869617
0.55013,0.02673,0.38864972
0.55013,0.04845,0.37878975
0.55013,0.07018,0.36911539
0.55013,0.09191,0.35962574
0.55013,0.11364,0.35031983
0.55013,0.13536,0.34119665
0.55013,0.15709,0.33225513
0.55013,0.17882,0.32349416
0.55013,0.20055,0.31491257
0.55013,0.22227,0.30650913
0.55013,0.24400,0.29828259
0.55013,0.26573,0.29023163
0.55013,0.28745,0.28235487
0.55013,0.30918,0.27465090
0.55013,0.33091,0.26711827
0.55013,0.35264,0.25975545
0.55013,0.37436,0.25256090
0.55013,0.39609,0.24553299
0.55013,0.41782,0.23867009
0.55013,0.43955,0.23197049
0.55013,0.46127,0.22543246
0.55013,0.48300,0.21905421
0.55013,0.50473,0.21283391
0.55013,0.52645,0.20676969
0.55013,0.54818,0.20085965
0.55013,0.56991,0.19510184
0.55013,0.59164,0.18949426
0.55013,0.61336,0.18403491
0.55013,0.63509,0.17872170
0.55013,0.65682,0.17355255
0.55013,0.67855,0.16852534
0.55013,0.70027,0.16363789
0.55013,0.72200,0.15888803
0.55013,0.74373,0.15427353
0.55013,0.76545,0.14979215
0.55013,0.78718,0.14544161
0.55013,0.80891,0.14121962
0.55013,0.83064,0.13712387
0.55013,0.85236,0.13315203
0.55013,0.87409,0.12930173
0.55013,0.89582,0.12557061
0.55013,0.91755,0.12195630
0.55013,0.93927,0.11845639
0.55013,0.96100,0.11506848
0.55013,0.98273,0.11179018
0.55013,1.00445,0.10861906
0.55013,1.02618,0.10555271
0.55013,1.04791,0.10258872
0.55013,1.06964,0.09972467
0.55013,1.09136,0.09695817
0.55013,1.11309,0.09428681
0.55013,1.13482,0.09170820
0.55013,1.15655,0.08921997
0.55013,1.17827,0.08681977
0.55013,1.20000,0.08450524
0.56709,0.00500,0.40924524
0.56709,0.02673,0.39680579
0.56709,0.04845,0.38463348
0.56709,0.07018,0.37272650
0.56709,0.09191,0.36108296
0.56709,0.11364,0.34970091
0.56709,0.13536,0.33857831
0.56709,0.15709,0.32771309
0.56709,0.17882,0.31710306
0.56709,0.20055,0.30674601
0.56709,0.22227,0.29663964
0.56709,0.24400,0.28678157
0.56709,0.26573,0.27716939
0.56709,0.28745,0.26780057
0.56709,0.30918,0.25867257
0.56709,0.33091,0.24978276
0.56709,0.35264,0.24112844
0.56709,0.37436,0.23270686
0.56709,0.39609,0.22451520
0.56709,0.41782,0.21655058
0.56709,0.43955,0.20881007
0.56709,0.46127,0.20129067
0.56709,0.48300,0.19398933
0.56709,0.50473,0.18690293
0.56709,0.52645,0.18002832
0.56709,0.54818,0.17336228
0.56709,0.56991,0.16690154
0.56709,0.59164,0.16064277
0.56709,0.61336,0.15458263
0.56709,0.63509,0.14871768
0.56709,0.65682,0.14304448
0.56709,0.67855,0.13755953
0.56709,0.70027,0.13225928
0.56709,0.72200,0.12714017
0.56709,0.74373,0.12219857
0.56709,0.76545,0.11743086
0.56709,0.78718,0.11283334
0.56709,0.80891,0.10840233
0.56709,0.83064,0.10413410
0.56709,0.85236,0.10002490
0.56709,0.87409,0.09607097
0.56709,0.89582,0.09226853
0.56709,0.91755,0.08861379
0.56709,0.93927,0.08510296
0.56709,0.96100,0.08173223
0.56709,0.98273,0.07849782
0.56709,1.00445,0.07539592
0.56709,1.02618,0.07242275
0.56709,1.04791,0.06957454
0.56709,1.06964,0.06684753
0.56709,1.09136,0.06423800
0.56709,1.11309,0.06174222
0.56709,1.13482,0.05935653
0.56709,1.15655,0.05707729
0.56709,1.17827,0.05490089
0.56709,1.20000,0.05282378
0.58405,0.00500,0.41954913
0.58405,0.02673,0.40522578
0.58405,0.04845,0.39123864
0.58405,0.07018,0.37758501
0.58405,0.09191,0.36426205
0.58405,0.11364,0.35126689
0.58405,0.13536,0.33859655
0.58405,0.15709,0.32624798
0.58405,0.17882,0.31421803
0.58405,0.20055,0.30250350
0.58405,0.22227,0.29110109
0.58405,0.24400,0.28000742
0.58405,0.26573,0.26921903
0.58405,0.28745,0.25873241
0.58405,0.30918,0.24854393
0.58405,0.33091,0.23864992
0.58405,0.35264,0.22904662
0.58405,0.37436,0.21973018
0.58405,0.39609,0.21069671
0.58405,0.41782,0.20194223
0.58405,0.43955,0.19346268
0.58405,0.46127,0.18525395
0.58405,0.48300,0.17731185
0.58405,0.50473,0.16963213
0.58405,0.52645,0.16221046
0.58405,0.54818,0.15504248
0.58405,0.56991,0.14812373
0.58405,0.59164,0.14144971
0.58405,0.61336,0.13501587
0.58405,0.63509,0.12881759
0.58405,0.65682,0.12285019
0.58405,0.67855,0.11710897
0.58405,0.70027,0.11158915
0.58405,0.72200,0.10628592
0.58405,0.74373,0.10119443
0.58405,0.76545,0.09630978
0.58405,0.78718,0.09162705
0.58405,0.80891,0.08714126
0.58405,0.83064,0.08284742
0.58405,0.85236,0.07874052
0.58405,0.87409,0.07481553
0.58405,0.89582,0.07106737
0.58405,0.91755,0.06749099
0.58405,0.93927,0.06408130
0.58405,0.96100,0.06083324
0.58405,0.98273,0.05774173
0.58405,1.00445,0.05480171
0.58405,1.02618,0.05200811
0.58405,1.04791,0.04935593
0.58405,1.06964,0.04684016
0.58405,1.09136,0.04445584
0.58405,1.11309,0.04219804
0.58405,1.13482,0.04006190
0.58405,1.15655,0.03804261
0.58405,1.17827,0.03613542
0.58405,1.20000,0.03433567
0.60101,0.00500,0.42961543
0.60101,0.02673,0.41388493
0.60101,0.04845,0.39854233
0.60101,0.07018,0.38358423
0.60101,0.09191,0.36900713
0.60101,0.11364,0.35480746
0.60101,0.13536,0.34098155
0.60101,0.15709,0.32752565
0.60101,0.17882,0.31443589
0.60101,0.20055,0.30170837
0.60101,0.22227,0.28933905
0.60101,0.24400,0.27732384
0.60101,0.26573,0.26565855
0.60101,0.28745,0.25433890
0.60101,0.30918,0.24336053
0.60101,0.33091,0.23271900
0.60101,0.35264,0.22240980
0.60101,0.37436,0.21242832
0.60101,0.39609,0.20276986
0.60101,0.41782,0.19342968
0.60101,0.43955,0.18440292
0.60101,0.46127,0.17568468
0.60101,0.48300,0.16726995
0.60101,0.50473,0.15915366
0.60101,0.52645,0.15133068
0.60101,0.54818,0.14379579
0.60101,0.56991,0.13654372
0.60101,0.59164,0.12956910
0.60101,0.61336,0.12286654
0.60101,0.63509,0.11643054
0.60101,0.65682,0.11025556
0.60101,0.67855,0.10433601
0.60101,0.70027,0.09866623
0.60101,0.72200,0.09324051
0.60101,0.74373,0.08805308
0.60101,0.76545,0.08309812
0.60101,0.78718,0.07836979
0.60101,0.80891,0.07386217
0.60101,0.83064,0.06956934
0.60101,0.85236,0.06548531
0.60101,0.87409,0.06160408
0.60101,0.89582,0.05791962
0.60101,0.91755,0.05442589
0.60101,0.93927,0.05111680
0.60101,0.96100,0.04798630
0.60101,0.98273,0.04502830
0.60101,1.00445,0.04223672
0.60101,1.02618,0.03960552
0.60101,1.04791,0.03712864
0.60101,1.06964,0.03480007
0.60101,1.09136,0.03261385
0.60101,1.11309,0.03056406
0.60101,1.13482,0.02864484
0.60101,1.15655,0.02685042
0.60101,1.17827,0.02517511
0.60101,1.20000,0.02361333
0.61797,0.00500,0.43944853
0.61797,0.02673,0.42274522
0.61797,0.04845,0.40646224
0.61797,0.07018,0.39059584
0.61797,0.09191,0.37514215
0.61797,0.11364,0.36009724
0.61797,0.13536,0.34545709
0.61797,0.15709,0.33121756
0.61797,0.17882,0.31737445
0.61797,0.20055,0.30392347
0.61797,0.22227,0.29086022
0.61797,0.24400,0.27818024
0.61797,0.26573,0.26587895
0.61797,0.28745,0.25395172
0.61797,0.30918,0.24239381
0.61797,0.33091,0.23120039
0.61797,0.35264,0.22036656
0.61797,0.37436,0.20988733
0.61797,0.39609,0.19975762
0.61797,0.41782,0.18997227
0.61797,0.43955,0.18052605
0.61797,0.46127,0.17141364
0.61797,0.48300,0.16262963
0.61797,0.50473,0.15416855
0.61797,0.52645,0.14602483
0.61797,0.54818,0.13819284
0.61797,0.56991,0.13066688
0.61797,0.59164,0.12344116
0.61797,0.61336,0.11650982
0.61797,0.63509,0.10986694
0.61797,0.65682,0.10350653
0.61797,0.67855,0.09742252
0.61797,0.70027,0.09160878
0.61797,0.72200,0.08605912
0.61797,0.74373,0.08076729
0.61797,0.76545,0.07572699
0.61797,0.78718,0.07093184
0.61797,0.80891,0.06637543
0.61797,0.83064,0.06205128
0.61797,0.85236,0.05795290
0.61797,0.87409,0.05407371
0.61797,0.89582,0.05040712
0.61797,0.91755,0.04694651
0.61797,0.93927,0.04368523
0.61797,0.96100,0.04061659
0.61797,0.98273,0.03773391
0.61797,1.00445,0.03503050
0.61797,1.02618,0.03249965
0.61797,1.04791,0.03013470
0.61797,1.06964,0.02792900
0.61797,1.09136,0.02587595
0.61797,1.11309,0.02396899
0.61797,1.13482,0.02220168
0.61797,1.15655,0.02056767
0.61797,1.17827,0.01906077
0.61797,1.20000,0.01767495
0.63494,0.00500,0.44905091
0.63494,0.02673,0.43176160
0.63494,0.04845,0.41490630
0.63494,0.07018,0.39848121
0.63494,0.09191,0.38248247
0.63494,0.11364,0.36690610
0.63494,0.13536,0.35174807
0.63494,0.15709,0.33700424
0.63494,0.17882,0.32267038
0.63494,0.20055,0.30874218
0.63494,0.22227,0.29521526
0.63494,0.24400,0.28208512
0.63494,0.26573,0.26934721
0.63494,0.28745,0.25699686
0.63494,0.30918,0.24502934
0.63494,0.33091,0.23343983
0.63494,0.35264,0.22222341
0.63494,0.37436,0.21137510
0.63494,0.39609,0.20088982
0.63494,0.41782,0.19076241
0.63494,0.43955,0.18098762
0.63494,0.46127,0.17156014
0.63494,0.48300,0.16247455
0.63494,0.50473,0.15372538
0.63494,0.52645,0.14530705
0.63494,0.54818,0.13721393
0.63494,0.56991,0.12944029
0.63494,0.59164,0.12198033
0.63494,0.61336,0.11482818
0.63494,0.63509,0.10797789
0.63494,0.65682,0.10142343
0.63494,0.67855,0.09515871
0.63494,0.70027,0.08917757
0.63494,0.72200,0.08347378
0.63494,0.74373,0.07804103
0.63494,0.76545,0.07287295
0.63494,0.78718,0.06796314
0.63494,0.80891,0.06330509
0.63494,0.83064,0.05889227
0.63494,0.85236,0.05471808
0.63494,0.87409,0.05077587
0.63494,0.89582,0.04705897
0.63494,0.91755,0.04356065
0.63494,0.93927,0.04027415
0.63494,0.96100,0.03719268
0.63494,0.98273,0.03430947
0.63494,1.00445,0.03161771
0.63494,1.02618,0.02911062
0.63494,1.04791,0.02678148
0.63494,1.06964,0.02462359
0.63494,1.09136,0.02263038
0.63494,1.11309,0.02079541
0.63494,1.13482,0.01911242
0.63494,1.15655,0.01757547
0.63494,1.17827,0.01617898
0.63494,1.20000,0.01491791
0.65190,0.00500,0.45842411
0.65190,0.02673,0.44088701
0.65190,0.04845,0.42378129
0.65190,0.07018,0.40710340
0.65190,0.09191,0.39084972
0.65190,0.11364,0.37501654
0.65190,0.13536,0.35960007
0.65190,0.15709,0.34459646
0.65190,0.17882,0.33000175
0.65190,0.20055,0.31581190
0.65190,0.22227,0.30202283
0.65190,0.24400,0.28863032
0.65190,0.26573,0.27563012
0.65190,0.28745,0.26301786
0.65190,0.30918,0.25078912
0.65190,0.33091,0.23893938
0.65190,0.35264,0.22746406
0.65190,0.37436,0.21635846
0.65190,0.39609,0.20561785
0.65190,0.41782,0.19523738
0.65190,0.43955,0.18521215
0.65190,0.46127,0.17553716
0.65190,0.48300,0.16620734
0.65190,0.50473,0.15721754
0.65190,0.52645,0.14856255
0.65190,0.54818,0.14023704
0.65190,0.56991,0.13223566
0.65190,0.59164,0.12455293
0.65190,0.61336,0.11718335
0.65190,0.63509,0.11012129
0.65190,0.65682,0.10336110
0.65190,0.67855,0.09689704
0.65190,0.70027,0.09072329
0.65190,0.72200,0.08483397
0.65190,0.74373,0.07922315
0.65190,0.76545,0.07388483
0.65190,0.78718,0.06881296
0.65190,0.80891,0.06400141
0.65190,0.83064,0.05944404
0.65190,0.85236,0.05513464
0.65190,0.87409,0.05106699
0.65190,0.89582,0.04723482
0.65190,0.91755,0.04363187
0.65190,0.93927,0.04025188
0.65190,0.96100,0.03708860
0.65190,0.98273,0.03413584
0.65190,1.00445,0.03138749
0.65190,1.02618,0.02883757
0.65190,1.04791,0.02648030
0.65190,1.06964,0.02431013
0.65190,1.09136,0.02232193
0.65190,1.11309,0.02051109
0.65190,1.13482,0.01887376
0.65190,1.15655,0.01740713
0.65190,1.17827,0.01610989
0.65190,1.20000,0.01498286
0.66886,0.00500,0.46756931
0.66886,0.02673,0.45007509
0.66886,0.04845,0.43299654
0.66886,0.07018,0.41633055
0.66886,0.09191,0.40007393
0.66886,0.11364,0.38422342
0.66886,0.13536,0.36877571
0.66886,0.15709,0.35372739
0.66886,0.17882,0.33907499
0.66886,0.20055,0.32481498
0.66886,0.22227,0.31094373
0.66886,0.24400,0.29745757
0.66886,0.26573,0.28435273
0.66886,0.28745,0.27162539
0.66886,0.30918,0.25927164
0.66886,0.33091,0.24728750
0.66886,0.35264,0.23566893
0.66886,0.37436,0.22441181
0.66886,0.39609,0.21351195
0.66886,0.41782,0.20296508
0.66886,0.43955,0.19276688
0.66886,0.46127,0.18291293
0.66886,0.48300,0.17339877
0.66886,0.50473,0.16421984
0.66886,0.52645,0.15537155
0.66886,0.54818,0.14684920
0.66886,0.56991,0.13864805
0.66886,0.59164,0.13076330
0.66886,0.61336,0.12319006
0.66886,0.63509,0.11592340
0.66886,0.65682,0.10895834
0.66886,0.67855,0.10228981
0.66886,0.70027,0.09591273
0.66886,0.72200,0.08982194
0.66886,0.74373,0.08401227
0.66886,0.76545,0.07847848
0.66886,0.78718,0.07321534
0.66886,0.80891,0.06821759
0.66886,0.83064,0.06347996
0.66886,0.85236,0.05899722
0.66886,0.87409,0.05476415
0.66886,0.89582,0.05077564
0.66886,0.91755,0.04702663
0.66886,0.93927,0.04351225
0.66886,0.96100,0.04022783
0.66886,0.98273,0.03716901
0.66886,1.00445,0.03433180
0.66886,1.02618,0.03171282
0.66886,1.04791,0.02930940
0.66886,1.06964,0.02711997
0.66886,1.09136,0.02514435
0.66886,1.11309,0.02338437
0.66886,1.13482,0.02184463
0.66886,1.15655,0.02053353
0.66886,1.17827,0.01946482
0.66886,1.20000,0.01865956
0.68582,0.00500,0.47648777
0.68582,0.02673,0.45928176
0.68582,0.04845,0.44246560
0.68582,0.07018,0.42603673
0.68582,0.09191,0.40999255
0.68582,0.11364,0.39433038
0.68582,0.13536,0.37904751
0.68582,0.15709,0.36414114
0.68582,0.17882,0.34960841
0.68582,0.20055,0.33544644
0.68582,0.22227,0.32165223
0.68582,0.24400,0.30822278
0.68582,0.26573,0.29515498
0.68582,0.28745,0.28244569
0.68582,0.30918,0.27009170
0.68582,0.33091,0.25808974
0.68582,0.35264,0.24643649
0.68582,0.37436,0.23512856
0.68582,0.39609,0.22416250
0.68582,0.41782,0.21353481
0.68582,0.43955,0.20324194
0.68582,0.46127,0.19328028
0.68582,0.48300,0.18364615
0.68582,0.50473,0.17433584
0.68582,0.52645,0.16534559
0.68582,0.54818,0.15667158
0.68582,0.56991,0.14830995
0.68582,0.59164,0.14025680
0.68582,0.61336,0.13250820
0.68582,0.63509,0.12506019
0.68582,0.65682,0.11790877
0.68582,0.67855,0.11104994
0.68582,0.70027,0.10447970
0.68582,0.72200,0.09819404
0.68582,0.74373,0.09218899
0.68582,0.76545,0.08646061
0.68582,0.78718,0.08100504
0.68582,0.80891,0.07581850
0.68582,0.83064,0.07089735
0.68582,0.85236,0.06623815
0.68582,0.87409,0.06183770
0.68582,0.89582,0.05769312
0.68582,0.91755,0.05380198
0.68582,0.93927,0.05016243
0.68582,0.96100,0.04677340
0.68582,0.98273,0.04363485
0.68582,1.00445,0.04074807
0.68582,1.02618,0.03811625
0.68582,1.04791,0.03574503
0.68582,1.06964,0.03364342
0.68582,1.09136,0.03182505
0.68582,1.11309,0.03030982
0.68582,1.13482,0.02912620
0.68582,1.15655,0.02831433
0.68582,1.17827,0.02792992
0.68582,1.20000,0.02804912
0.70278,0.00500,0.48518111
0.70278,0.02673,0.46846724
0.70278,0.04845,0.45211077
0.70278,0.07018,0.43610976
0.70278,0.09191,0.42046222
0.70278,0.11364,0.40516613
0.70278,0.13536,0.39021941
0.70278,0.15709,0.37561995
0.70278,0.17882,0.36136556
0.70278,0.20055,0.34745406
0.70278,0.22227,0.33388318
0.70278,0.24400,0.32065063
0.70278,0.26573,0.30775406
0.70278,0.28745,0.29519109
0.70278,0.30918,0.28295929
0.70278,0.33091,0.27105621
0.70278,0.35264,0.25947933
0.70278,0.37436,0.24822612
0.70278,0.39609,0.23729399
0.70278,0.41782,0.22668034
0.70278,0.43955,0.21638252
0.70278,0.46127,0.20639786
0.70278,0.48300,0.19672368
0.70278,0.50473,0.18735726
0.70278,0.52645,0.17829587
0.70278,0.54818,0.16953679
0.70278,0.56991,0.16107728
0.70278,0.59164,0.15291463
0.70278,0.61336,0.14504615
0.70278,0.63509,0.13746916
0.70278,0.65682,0.13018107
0.70278,0.67855,0.12317936
0.70278,0.70027,0.11646159
0.70278,0.72200,0.11002547
0.70278,0.74373,0.10386888
0.70278,0.76545,0.09798994
0.70278,0.78718,0.09238705
0.70278,0.80891,0.08705896
0.70278,0.83064,0.08200494
0.70278,0.85236,0.07722483
0.70278,0.87409,0.07271929
0.70278,0.89582,0.06848996
0.70278,0.91755,0.06453982
0.70278,0.93927,0.06087358
0.70278,0.96100,0.05749819
0.70278,0.98273,0.05442363
0.70278,1.00445,0.05166387
0.70278,1.02618,0.04923824
0.70278,1.04791,0.04717334
0.70278,1.06964,0.04550560
0.70278,1.09136,0.04428482
0.70278,1.11309,0.04357883
0.70278,1.13482,0.04347969
0.70278,1.15655,0.04411141
0.70278,1.17827,0.04563908
0.70278,1.20000,0.04827866
0.71975,0.00500,0.49365140
0.71975,0.02673,0.47759577
0.71975,0.04845,0.46186114
0.71975,0.07018,0.44644619
0.71975,0.09191,0.43134958
0.71975,0.11364,0.41656993
0.71975,0.13536,0.40210583
0.71975,0.15709,0.38795585
0.71975,0.17882,0.37411853
0.71975,0.20055,0.36059239
0.71975,0.22227,0.34737592
0.71975,0.24400,0.33446760
0.71975,0.26573,0.32186586
0.71975,0.28745,0.30956914
0.71975,0.30918,0.29757587
0.71975,0.33091,0.28588444
0.71975,0.35264,0.27449325
0.71975,0.37436,0.26340069
0.71975,0.39609,0.25260515
0.71975,0.41782,0.24210502
0.71975,0.43955,0.23189871
0.71975,0.46127,0.22198464
0.71975,0.48300,0.21236127
0.71975,0.50473,0.20302710
0.71975,0.52645,0.19398066
0.71975,0.54818,0.18522058
0.71975,0.56991,0.17674555
0.71975,0.59164,0.16855441
0.71975,0.61336,0.16064608
0.71975,0.63509,0.15301971
0.71975,0.65682,0.14567463
0.71975,0.67855,0.13861044
0.71975,0.70027,0.13182708
0.71975,0.72200,0.12532489
0.71975,0.74373,0.11910471
0.71975,0.76545,0.11316804
0.71975,0.78718,0.10751716
0.71975,0.80891,0.10215535
0.71975,0.83064,0.09708717
0.71975,0.85236,0.09231880
0.71975,0.87409,0.08785850
0.71975,0.89582,0.08371726
0.71975,0.91755,0.07990956
0.71975,0.93927,0.07645453
0.71975,0.96100,0.07337747
0.71975,0.98273,0.07071191
0.71975,1.00445,0.06850246
0.71975,1.02618,0.06680878
0.71975,1.04791,0.06571099
0.71975,1.06964,0.06531702
0.71975,1.09136,0.06577242
0.71975,1.11309,0.06727296
0.71975,1.13482,0.07007988
0.71975,1.15655,0.07453679
0.71975,1.17827,0.08108558
0.71975,1.20000,0.09027781
0.73671,0.00500,0.50190124
0.73671,0.02673,0.48663632
0.73671,0.04845,0.47165453
0.73671,0.07018,0.45695512
0.73671,0.09191,0.44253737
0.73671,0.11364,0.42840052
0.73671,0.13536,0.41454382
0.73671,0.15709,0.40096651
0.73671,0.17882,0.38766783
0.73671,0.20055,0.37464702
0.73671,0.22227,0.36190333
0.73671,0.24400,0.34943600
0.73671,0.26573,0.33724430
0.73671,0.28745,0.32532751
0.73671,0.30918,0.31368493
0.73671,0.33091,0.30231588
0.73671,0.35264,0.29121974
0.73671,0.37436,0.28039590
0.73671,0.39609,0.26984385
0.73671,0.41782,0.25956309
0.73671,0.43955,0.24955325
0.73671,0.46127,0.23981404
0.73671,0.48300,0.23034528
0.73671,0.50473,0.22114694
0.73671,0.52645,0.21221917
0.73671,0.54818,0.20356230
0.73671,0.56991,0.19517694
0.73671,0.59164,0.18706397
0.73671,0.61336,0.17922464
0.73671,0.63509,0.17166065
0.73671,0.65682,0.16437421
0.73671,0.67855,0.15736819
0.73671,0.70027,0.15064627
0.73671,0.72200,0.14421310
0.73671,0.74373,0.13807456
0.73671,0.76545,0.13223808
0.73671,0.78718,0.12671299
0.73671,0.80891,0.12151112
0.73671,0.83064,0.11664739
0.73671,0.85236,0.11214080
0.73671,0.87409,0.10801563
0.73671,0.89582,0.10430311
0.73671,0.91755,0.10104371
0.73671,0.93927,0.09829027
0.73671,0.96100,0.09611236
0.73671,0.98273,0.09460243
0.73671,1.00445,0.09388421
0.73671,1.02618,0.09412447
0.73671,1.04791,0.09554888
0.73671,1.06964,0.09846286
0.73671,1.09136,0.10327712
0.73671,1.11309,0.11053594
0.73671,1.13482,0.12094236
0.73671,1.15655,0.13537135
0.73671,1.17827,0.15486132
0.73671,1.20000,0.18058142
0.75367,0.00500,0.50993373
0.75367,0.02673,0.49556228
0.75367,0.04845,0.48143635
0.75367,0.07018,0.46755579
0.75367,0.09191,0.45392041
0.75367,0.11364,0.44053007
0.75367,0.13536,0.42738464
0.75367,0.15709,0.41448403
0.75367,0.17882,0.40182815
0.75367,0.20055,0.38941697
0.75367,0.22227,0.37725049
0.75367,0.24400,0.36532875
0.75367,0.26573,0.35365186
0.75367,0.28745,0.34221998
0.75367,0.30918,0.33103336
0.75367,0.33091,0.32009234
0.75367,0.35264,0.30939734
0.75367,0.37436,0.29894893
0.75367,0.39609,0.28874781
0.75367,0.41782,0.27879483
0.75367,0.43955,0.26909105
0.75367,0.46127,0.25963777
0.75367,0.48300,0.25043654
0.75367,0.50473,0.24148924
0.75367,0.52645,0.23279812
0.75367,0.54818,0.22436588
0.75367,0.56991,0.21619579
0.75367,0.59164,0.20829172
0.75367,0.61336,0.20065838
0.75367,0.63509,0.19330138
0.75367,0.65682,0.18622756
0.75367,0.67855,0.17944513
0.75367,0.70027,0.17296414
0.75367,0.72200,0.16679684
0.75367,0.74373,0.16095827
0.75367,0.76545,0.15546705
0.75367,0.78718,0.15034636
0.75367,0.80891,0.14562528
0.75367,0.83064,0.14134061
0.75367,0.85236,0.13753939
0.75367,0.87409,0.13428229
0.75367,0.89582,0.13164847
0.75367,0.91755,0.12974231
0.75367,0.93927,0.12870301
0.75367,0.96100,0.12871816
0.75367,0.98273,0.13004284
0.75367,1.00445,0.13302612
0.75367,1.02618,0.13814611
0.75367,1.04791,0.14605318
0.75367,1.06964,0.15761569
0.75367,1.09136,0.17395401
0.75367,1.11309,0.19644016
0.75367,1.13482,0.22664290
0.75367,1.15655,0.26622288
0.75367,1.17827,0.31681875
0.75367,1.20000,0.37997559
0.77063,0.00500,0.51775249
0.77063,0.02673,0.50435133
0.77063,0.04845,0.49115978
0.77063,0.07018,0.47817815
0.77063,0.09191,0.46540683
0.77063,0.11364,0.45284625
0.77063,0.13536,0.44049688
0.77063,0.15709,0.42835926
0.77063,0.17882,0.41643401
0.77063,0.20055,0.40472181
0.77063,0.22227,0.39322344
0.77063,0.24400,0.38193978
0.77063,0.26573,0.37087184
0.77063,0.28745,0.36002074
0.77063,0.30918,0.34938779
0.77063,0.33091,0.33897444
0.77063,0.35264,0.32878238
0.77063,0.37436,0.31881352
0.77063,0.39609,0.30907007
0.77063,0.41782,0.29955452
0.77063,0.43955,0.29026980
0.77063,0.46127,0.28121929
0.77063,0.48300,0.27240682
0.77063,0.50473,0.26383692
0.77063,0.52645,0.25551487
0.77063,0.54818,0.24744685
0.77063,0.56991,0.23964010
0.77063,0.59164,0.23210323
0.77063,0.61336,0.22484645
0.77063,0.63509,0.21788198
0.77063,0.65682,0.21122450
0.77063,0.67855,0.20489184
0.77063,0.70027,0.19890575
0.77063,0.72200,0.19329300
0.77063,0.74373,0.18808685
0.77063,0.76545,0.18332901
0.77063,0.78718,0.17907236
0.77063,0.80891,0.17538467
0.77063,0.83064,0.17235389
0.77063,0.85236,0.17009561
0.77063,0.87409,0.16876383
0.77063,0.89582,0.16856646
0.77063,0.91755,0.16978789
0.77063,0.93927,0.17282145
0.77063,0.96100,0.17821513
0.77063,0.98273,0.18673274
0.77063,1.00445,0.19942686
0.77063,1.02618,0.21770656
0.77063,1.04791,0.24335954
0.77063,1.06964,0.27847424
0.77063,1.09136,0.32524016
0.77063,1.11309,0.38569772
0.77063,1.13482,0.46157412
0.77063,1.15655,0.55428007
0.77063,1.17827,0.66501899
0.77063,1.20000,0.79491574
0.78759,0.00500,0.52536156
0.78759,0.02673,0.51298550
0.78759,0.04845,0.50078607
0.78759,0.07018,0.48876409
0.78759,0.09191,0.47692042
0.78759,0.11364,0.46525606
0.78759,0.13536,0.45377206
0.78759,0.15709,0.44246960
0.78759,0.17882,0.43134999
0.78759,0.20055,0.42041467
0.78759,0.22227,0.40966525
0.78759,0.24400,0.39910351
0.78759,0.26573,0.38873144
0.78759,0.28745,0.37855129
0.78759,0.30918,0.36856555
0.78759,0.33091,0.35877707
0.78759,0.35264,0.34918903
0.78759,0.37436,0.33980507
0.78759,0.39609,0.33062934
0.78759,0.41782,0.32166654
0.78759,0.43955,0.31292213
0.78759,0.46127,0.30440236
0.78759,0.48300,0.29611452
0.78759,0.50473,0.28806705
0.78759,0.52645,0.28026989
0.78759,0.54818,0.27273474
0.78759,0.56991,0.26547548
0.78759,0.59164,0.25850870
0.78759,0.61336,0.25185435
0.78759,0.63509,0.24553666
0.78759,0.65682,0.23958530
0.78759,0.67855,0.23403692
0.78759,0.70027,0.22893731
0.78759,0.72200,0.22434433
0.78759,0.74373,0.22033192
0.78759,0.76545,0.21699596
0.78759,0.78718,0.21446247
0.78759,0.80891,0.21289969
0.78759,0.83064,0.21253581
0.78759,0.85236,0.21368544
0.78759,0.87409,0.21678905
0.78759,0.89582,0.22247132
0.78759,0.91755,0.23162454
0.78759,0.93927,0.24551806
0.78759,0.96100,0.26591564
0.78759,0.98273,0.29513842
0.78759,1.00445,0.33595755
0.78759,1.02618,0.39122966
0.78759,1.04791,0.46339504
0.78759,1.06964,0.55416843
0.78759,1.09136,0.66461057
0.78759,1.11309,0.79542507
0.78759,1.13482,0.94723424
0.78759,1.15655,1.12073530
0.78759,1.17827,1.31675887
0.78759,1.20000,1.53627722
0.80456,0.00500,0.53276537
0.80456,0.02673,0.52144982
0.80456,0.04845,0.51028115
0.80456,0.07018,0.49926060
0.80456,0.09191,0.48838959
0.80456,0.11364,0.47766963
0.80456,0.13536,0.46710241
0.80456,0.15709,0.45668979
0.80456,0.17882,0.44643383
0.80456,0.20055,0.43633681
0.80456,0.22227,0.42640129
0.80456,0.24400,0.41663010
0.80456,0.26573,0.40702644
0.80456,0.28745,0.39759388
0.80456,0.30918,0.38833648
0.80456,0.33091,0.37925883
0.80456,0.35264,0.37036614
0.80456,0.37436,0.36166438
0.80456,0.39609,0.35316042
0.80456,0.41782,0.34486218
0.80456,0.43955,0.33677883
0.80456,0.46127,0.32892113
0.80456,0.48300,0.32130167
0.80456,0.50473,0.31393537
0.80456,0.52645,0.30684001
0.80456,0.54818,0.30003693
0.80456,0.56991,0.29355197
0.80456,0.59164,0.28741673
0.80456,0.61336,0.28167023
0.80456,0.63509,0.27636117
0.80456,0.65682,0.27155108
0.80456,0.67855,0.26731875
0.80456,0.70027,0.26376649
0.80456,0.72200,0.26102933
0.80456,0.74373,0.25928850
0.80456,0.76545,0.25879177
0.80456,0.78718,0.25988462
0.80456,0.80891,0.26305821
0.80456,0.83064,0.26902388
0.80456,0.85236,0.27882610
0.80456,0.87409,0.29400354
0.80456,0.89582,0.31678229
0.80456,0.91755,0.35020575
0.80456,0.93927,0.39796993
0.80456,0.96100,0.46373466
0.80456,0.98273,0.55015806
0.80456,1.00445,0.65844700
0.80456,1.02618,0.78875695
0.80456,1.04791,0.94088863
0.80456,1.06964,1.11474380
0.80456,1.09136,1.31048323
0.80456,1.11309,1.52852936
0.80456,1.13482,1.76952152
0.80456,1.15655,2.03426909
0.80456,1.17827,2.32371481
0.80456,1.20000,2.63890887
0.82152,0.00500,0.53996864
0.82152,0.02673,0.52973330
0.82152,0.04845,0.51961906
0.82152,0.07018,0.50962766
0.82152,0.09191,0.49976099
0.82152,0.11364,0.49002119
0.82152,0.13536,0.48041059
0.82152,0.15709,0.47093180
0.82152,0.17882,0.46158776
0.82152,0.20055,0.45238173
0.82152,0.22227,0.44331739
0.82152,0.24400,0.43439891
0.82152,0.26573,0.42563099
0.82152,0.28745,0.41701899
0.82152,0.30918,0.40856904
0.82152,0.33091,0.40028817
0.82152,0.35264,0.39218450
0.82152,0.37436,0.38426747
0.82152,0.39609,0.37654807
0.82152,0.41782,0.36903924
0.82152,0.43955,0.36175629
0.82152,0.46127,0.35471747
0.82152,0.48300,0.34794471
0.82152,0.50473,0.34146459
0.82152,0.52645,0.33530969
0.82152,0.54818,0.32952028
0.82152,0.56991,0.32414678
0.82152,0.59164,0.31925312
0.82152,0.61336,0.31492151
0.82152,0.63509,0.31125932
0.82152,0.65682,0.30840922
0.82152,0.67855,0.30656452
0.82152,0.70027,0.30599263
0.82152,0.72200,0.30707212
0.82152,0.74373,0.31035209
0.82152,0.76545,0.31664848
0.82152,0.78718,0.32719964
0.82152,0.80891,0.34390554
0.82152,0.83064,0.36964290
0.82152,0.85236,0.40849919
0.82152,0.87409,0.46544570
0.82152,0.89582,0.54493174
0.82152,0.91755,0.64913385
0.82152,0.93927,0.77773893
0.82152,0.96100,0.92930450
0.82152,0.98273,1.10250098
0.82152,1.00445,1.29654958
0.82152,1.02618,1.51119843
0.82152,1.04791,1.74658491
0.82152,1.06964,2.00311415
0.82152,1.09136,2.28137520
0.82152,1.11309,2.58208750
0.82152,1.13482,2.90606756
0.82152,1.15655,3.25420807
0.82152,1.17827,3.62746488
0.82152,1.20000,4.02684871
0.83848,0.00500,0.54697635
0.83848,0.02673,0.53782712
0.83848,0.04845,0.52877699
0.83848,0.07018,0.51982818
0.83848,0.09191,0.51098318
0.83848,0.11364,0.50224477
0.83848,0.13536,0.49361607
0.83848,0.15709,0.48510063
0.83848,0.17882,0.47670243
0.83848,0.20055,0.46842600
0.83848,0.22227,0.46027653
0.83848,0.24400,0.45225993
0.83848,0.26573,0.44438303
0.83848,0.28745,0.43665373
0.83848,0.30918,0.42908122
0.83848,0.33091,0.42167623
0.83848,0.35264,0.41445145
0.83848,0.37436,0.40742191
0.83848,0.39609,0.40060558
0.83848,0.41782,0.39402414
0.83848,0.43955,0.38770398
0.83848,0.46127,0.38167752
0.83848,0.48300,0.37598508
0.83848,0.50473,0.37067743
0.83848,0.52645,0.36581931
0.83848,0.54818,0.36149462
0.83848,0.56991,0.35781393
0.83848,0.59164,0.35492581
0.83848,0.61336,0.35303418
0.83848,0.63509,0.35242587
0.83848,0.65682,0.35351542
0.83848,0.67855,0.35691998
0.83848,0.70027,0.36358765
0.83848,0.72200,0.37501898
0.83848,0.74373,0.39363646
0.83848,0.76545,0.42331355
0.83848,0.78718,0.46976136
0.83848,0.80891,0.53966421
0.83848,0.83064,0.63758232
0.83848,0.85236,0.76337996
0.83848,0.87409,0.91383416
0.83848,0.89582,1.08568725
0.83848,0.91755,1.27685728
0.83848,0.93927,1.48631927
0.83848,0.96100,1.71373370
0.83848,0.98273,1.95917031
0.83848,1.00445,2.22294372
0.83848,1.02618,2.50552099
0.83848,1.04791,2.80746975
0.83848,1.06964,3.12942852
0.83848,1.09136,3.47208941
0.83848,1.11309,3.83618782
0.83848,1.13482,4.22249613
0.83848,1.15655,4.63181994
0.83848,1.17827,5.06499569
0.83848,1.20000,5.52288933
0.85544,0.00500,0.55379365
0.85544,0.02673,0.54572548
0.85544,0.04845,0.53773838
0.85544,0.07018,0.52983511
0.85544,0.09191,0.52201885
0.85544,0.11364,0.51429319
0.85544,0.13536,0.50666224
0.85544,0.15709,0.49913069
0.85544,0.17882,0.49170397
0.85544,0.20055,0.48438835
0.85544,0.22227,0.47719110
0.85544,0.24400,0.47012074
0.85544,0.26573,0.46318728
0.85544,0.28745,0.45640259
0.85544,0.30918,0.44978080
0.85544,0.33091,0.44333890
0.85544,0.35264,0.43709751
0.85544,0.37436,0.43108187
0.85544,0.39609,0.42532323
0.85544,0.41782,0.41986071
0.85544,0.43955,0.41474398
0.85544,0.46127,0.41003700
0.85544,0.48300,0.40582358
0.85544,0.50473,0.40221559
0.85544,0.52645,0.39936559
0.85544,0.54818,0.39748691
0.85544,0.56991,0.39688633
0.85544,0.59164,0.39801960
0.85544,0.61336,0.40158917
0.85544,0.63509,0.40872275
0.85544,0.65682,0.42130698
0.85544,0.67855,0.44259785
0.85544,0.70027,0.47816170
0.85544,0.72200,0.53638308
0.85544,0.74373,0.62562764
0.85544,0.76545,0.74761442
0.85544,0.78718,0.89680787
0.85544,0.80891,1.06690226
0.85544,0.83064,1.25406065
0.85544,0.85236,1.45648595
0.85544,0.87409,1.67350055
0.85544,0.89582,1.90498949
0.85544,0.91755,2.15112444
0.85544,0.93927,2.41223068
0.85544,0.96100,2.68872187
0.85544,0.98273,2.98106672
0.85544,1.00445,3.28977152
0.85544,1.02618,3.61537072
0.85544,1.04791,3.95842160
0.85544,1.06964,4.31950142
0.85544,1.09136,4.69920574
0.85544,1.11309,5.09814762
0.85544,1.13482,5.51695723
0.85544,1.15655,5.95628166
0.85544,1.17827,6.41678506
0.85544,1.20000,6.89914877
0.87241,0.00500,0.56042581
0.87241,0.02673,0.55342443
0.87241,0.04845,0.54648971
0.87241,0.07018,0.53962514
0.87241,0.09191,0.53283473
0.87241,0.11364,0.52612315
0.87241,0.13536,0.51949582
0.87241,0.15709,0.51295909
0.87241,0.17882,0.50652045
0.87241,0.20055,0.50018876
0.87241,0.22227,0.49397457
0.87241,0.24400,0.48789057
0.87241,0.26573,0.48195212
0.87241,0.28745,0.47617802
0.87241,0.30918,0.47059146
0.87241,0.33091,0.46522144
0.87241,0.35264,0.46010462
0.87241,0.37436,0.45528809
0.87241,0.39609,0.45083330
0.87241,0.41782,0.44682193
0.87241,0.43955,0.44336492
0.87241,0.46127,0.44061668
0.87241,0.48300,0.43879842
0.87241,0.50473,0.43823788
0.87241,0.52645,0.43944031
0.87241,0.54818,0.44322189
0.87241,0.56991,0.45097421
0.87241,0.59164,0.46521168
0.87241,0.61336,0.49069278
0.87241,0.63509,0.53622542
0.87241,0.65682,0.61439664
0.87241,0.67855,0.73165086
0.87241,0.70027,0.87987272
0.87241,0.72200,1.04788325
0.87241,0.74373,1.22964657
0.87241,0.76545,1.42284031
0.87241,0.78718,1.62675608
0.87241,0.80891,1.84132740
0.87241,0.83064,2.06674880
0.87241,0.85236,2.30332602
0.87241,0.87409,2.55141490
0.87241,0.89582,2.81139562
0.87241,0.91755,3.08366161
0.87241,0.93927,3.36861488
0.87241,0.96100,3.66666430
0.87241,0.98273,3.97822508
0.87241,1.00445,4.30371893
0.87241,1.02618,4.64357444
0.87241,1.04791,4.99822751
0.87241,1.06964,5.36812185
0.87241,1.09136,5.75370948
0.87241,1.11309,6.15545115
0.87241,1.13482,6.57381677
0.87241,1.15655,7.00928583
0.87241,1.17827,7.46234775
0.87241,1.20000,7.93350224
0.88937,0.00500,0.56687821
0.88937,0.02673,0.56092217
0.88937,0.04845,0.55502211
0.88937,0.07018,0.54918241
0.88937,0.09191,0.54340825
0.88937,0.11364,0.53770578
0.88937,0.13536,0.53208238
0.88937,0.15709,0.52654691
0.88937,0.17882,0.52111015
0.88937,0.20055,0.51578525
0.88937,0.22227,0.51058852
0.88937,0.24400,0.50554028
0.88937,0.26573,0.50066628
0.88937,0.28745,0.49599952
0.88937,0.30918,0.49158302
0.88937,0.33091,0.48747388
0.88937,0.35264,0.48374950
0.88937,0.37436,0.48051744
0.88937,0.39609,0.47793148
0.88937,0.41782,0.47621920
0.88937,0.43955,0.47573161
0.88937,0.46127,0.47703787
0.88937,0.48300,0.48111954
0.88937,0.50473,0.48980076
0.88937,0.52645,0.50677205
0.88937,0.54818,0.54000790
0.88937,0.56991,0.60518878
0.88937,0.59164,0.71697491
0.88937,0.61336,0.86498237
0.88937,0.63509,1.03025095
0.88937,0.65682,1.20450676
0.88937,0.67855,1.38561026
0.88937,0.70027,1.57329859
0.88937,0.72200,1.76781857
0.88937,0.74373,1.96954093
0.88937,0.76545,2.17885132
0.88937,0.78718,2.39612141
0.88937,0.80891,2.62170406
0.88937,0.83064,2.85593534
0.88937,0.85236,3.09913815
0.88937,0.87409,3.35162578
0.88937,0.89582,3.61370494
0.88937,0.91755,3.88567823
0.88937,0.93927,4.16784612
0.88937,0.96100,4.46050849
0.88937,0.98273,4.76396596
0.88937,1.00445,5.07852087
0.88937,1.02618,5.40447813
0.88937,1.04791,5.74214593
0.88937,1.06964,6.09183629
0.88937,1.09136,6.45386558
0.88937,1.11309,6.82855498
0.88937,1.13482,7.21623076
0.88937,1.15655,7.61722473
0.88937,1.17827,8.03187445
0.88937,1.20000,8.46052356
0.90633,0.00500,0.57315621
0.90633,0.02673,0.56821820
0.90633,0.04845,0.56332887
0.90633,0.07018,0.55849386
0.90633,0.09191,0.55372009
0.90633,0.11364,0.54901604
0.90633,0.13536,0.54439226
0.90633,0.15709,0.53986197
0.90633,0.17882,0.53544194
0.90633,0.20055,0.53115375
0.90633,0.22227,0.52702554
0.90633,0.24400,0.52309475
0.90633,0.26573,0.51941219
0.90633,0.28745,0.51604850
0.90633,0.30918,0.51310485
0.90633,0.33091,0.51073117
0.90633,0.35264,0.50915932
0.90633,0.37436,0.50876719
0.90633,0.39609,0.51021297
0.90633,0.41782,0.51474562
0.90633,0.43955,0.52501338
0.90633,0.46127,0.54743341
0.90633,0.48300,0.59866945
0.90633,0.50473,0.70476977
0.90633,0.52645,0.85372353
0.90633,0.54818,1.01445827
0.90633,0.56991,1.17783925
0.90633,0.59164,1.34316611
0.90633,0.61336,1.51111033
0.90633,0.63509,1.68241385
0.90633,0.65682,1.85770117
0.90633,0.67855,2.03748087
0.90633,0.70027,2.22217297
0.90633,0.72200,2.41213346
0.90633,0.74373,2.60767252
0.90633,0.76545,2.80906738
0.90633,0.78718,3.01657154
0.90633,0.80891,3.23042125
0.90633,0.83064,3.45084029
0.90633,0.85236,3.67804345
0.90633,0.87409,3.91223914
0.90633,0.89582,4.15363139
0.90633,0.91755,4.40242134
0.90633,0.93927,4.65880850
0.90633,0.96100,4.92299166
0.90633,0.98273,5.19516968
0.90633,1.00445,5.47554208
0.90633,1.02618,5.76430962
0.90633,1.04791,6.06167466
0.90633,1.06964,6.36784159
0.90633,1.09136,6.68301709
0.90633,1.11309,7.00741047
0.90633,1.13482,7.34123385
0.90633,1.15655,7.68470240
0.90633,1.17827,8.03803457
0.90633,1.20000,8.40145220
0.92329,0.00500,0.57926522
0.92329,0.02673,0.57531338
0.92329,0.04845,0.57140615
0.92329,0.07018,0.56755115
0.92329,0.09191,0.56375817
0.92329,0.11364,0.56003987
0.92329,0.13536,0.55641291
0.92329,0.15709,0.55289952
0.92329,0.17882,0.54953009
0.92329,0.20055,0.54634705
0.92329,0.22227,0.54341145
0.92329,0.24400,0.54081429
0.92329,0.26573,0.53869719
0.92329,0.28745,0.53729298
0.92329,0.30918,0.53701229
0.92329,0.33091,0.53865088
0.92329,0.35264,0.54396521
0.92329,0.37436,0.55762310
0.92329,0.39609,0.59518093
0.92329,0.41782,0.69668717
0.92329,0.43955,0.84731443
0.92329,0.46127,0.99923308
0.92329,0.48300,1.14679610
0.92329,0.50473,1.29198438
0.92329,0.52645,1.43656234
0.92329,0.54818,1.58173994
0.92329,0.56991,1.72835459
0.92329,0.59164,1.87701084
0.92329,0.61336,2.02816489
0.92329,0.63509,2.18217540
0.92329,0.65682,2.33933483
0.92329,0.67855,2.49988944
0.92329,0.70027,2.66405250
0.92329,0.72200,2.83201328
0.92329,0.74373,3.00394334
0.92329,0.76545,3.18000099
0.92329,0.78718,3.36033460
0.92329,0.80891,3.54508504
0.92329,0.83064,3.73438754
0.92329,0.85236,3.92837310
0.92329,0.87409,4.12716962
0.92329,0.89582,4.33090279
0.92329,0.91755,4.53969678
0.92329,0.93927,4.75367483
0.92329,0.96100,4.97295973
0.92329,0.98273,5.19767419
0.92329,1.00445,5.42794119
0.92329,1.02618,5.66388425
0.92329,1.04791,5.90562768
0.92329,1.06964,6.15329677
0.92329,1.09136,6.40701800
0.92329,1.11309,6.66691916
0.92329,1.13482,6.93312954
0.92329,1.15655,7.20578002
0.92329,1.17827,7.48500323
0.92329,1.20000,7.77093361
0.94025,0.00500,0.58521057
0.94025,0.02673,0.58221000
0.94025,0.04845,0.57925365
0.94025,0.07018,0.57635276
0.94025,0.09191,0.57352288
0.94025,0.11364,0.57078597
0.94025,0.13536,0.56817405
0.94025,0.15709,0.56573534
0.94025,0.17882,0.56354585
0.94025,0.20055,0.56173234
0.94025,0.22227,0.56052262
0.94025,0.24400,0.56037002
0.94025,0.26573,0.56232044
0.94025,0.28745,0.56941457
0.94025,0.30918,0.59466621
0.94025,0.33091,0.69569367
0.94025,0.35264,0.84478037
0.94025,0.37436,0.98006003
0.94025,0.39609,1.10577036
0.94025,0.41782,1.22640249
0.94025,0.43955,1.34439336
0.94025,0.46127,1.46117042
0.94025,0.48300,1.57764453
0.94025,0.50473,1.69443851
0.94025,0.52645,1.81200234
0.94025,0.54818,1.93067616
0.94025,0.56991,2.05072703
0.94025,0.59164,2.17237151
0.94025,0.61336,2.29579026
0.94025,0.63509,2.42113773
0.94025,0.65682,2.54854891
0.94025,0.67855,2.67814401
0.94025,0.70027,2.81003201
0.94025,0.72200,2.94431309
0.94025,0.74373,3.08108064
0.94025,0.76545,3.22042271
0.94025,0.78718,3.36242312
0.94025,0.80891,3.50716241
0.94025,0.83064,3.65471853
0.94025,0.85236,3.80516745
0.94025,0.87409,3.95858358
0.94025,0.89582,4.11504023
0.94025,0.91755,4.27460988
0.94025,0.93927,4.43736449
0.94025,0.96100,4.60337570
0.94025,0.98273,4.77271505
0.94025,1.00445,4.94545415
0.94025,1.02618,5.12166481
0.94025,1.04791,5.30141920
0.94025,1.06964,5.48478993
0.94025,1.09136,5.67185017
0.94025,1.11309,5.86267375
0.94025,1.13482,6.05733523
0.94025,1.15655,6.25590997
0.94025,1.17827,6.45847421
0.94025,1.20000,6.66510514
0.95722,0.00500,0.59099753
0.95722,0.02673,0.58891078
0.95722,0.04845,0.58687248
0.95722,0.07018,0.58490245
0.95722,0.09191,0.58303275
0.95722,0.11364,0.58131819
0.95722,0.13536,0.57986018
0.95722,0.15709,0.57886847
0.95722,0.17882,0.57885584
0.95722,0.20055,0.58148481
0.95722,0.22227,0.59646656
0.95722,0.24400,0.70593724
0.95722,0.26573,0.83890216
0.95722,0.28745,0.94783536
0.95722,0.30918,1.04603630
0.95722,0.33091,1.13850637
0.95722,0.35264,1.22760261
0.95722,0.37436,1.31464156
0.95722,0.39609,1.40044399
0.95722,0.41782,1.48556246
0.95722,0.43955,1.57039087
0.95722,0.46127,1.65522289
0.95722,0.48300,1.74028556
0.95722,0.50473,1.82575986
0.95722,0.52645,1.91179386
0.95722,0.54818,1.99851147
0.95722,0.56991,2.08601854
0.95722,0.59164,2.17440708
0.95722,0.61336,2.26375842
0.95722,0.63509,2.35414547
0.95722,0.65682,2.44563448
0.95722,0.67855,2.53828635
0.95722,0.70027,2.63215770
0.95722,0.72200,2.72730164
0.95722,0.74373,2.82376847
0.95722,0.76545,2.92160617
0.95722,0.78718,3.02086084
0.95722,0.80891,3.12157707
0.95722,0.83064,3.22379821
0.95722,0.85236,3.32756663
0.95722,0.87409,3.43292392
0.95722,0.89582,3.53991105
0.95722,0.91755,3.64856857
0.95722,0.93927,3.75893670
0.95722,0.96100,3.87105543
0.95722,0.98273,3.98496466
0.95722,1.00445,4.10070428
0.95722,1.02618,4.21831422
0.95722,1.04791,4.33783453
0.95722,1.06964,4.45930546
0.95722,1.09136,4.58276749
0.95722,1.11309,4.70826141
0.95722,1.13482,4.83582832
0.95722,1.15655,4.96550973
0.95722,1.17827,5.09734756
0.95722,1.20000,5.23138418
0.97418,0.00500,0.59663131
0.97418,0.02673,0.59542053
0.97418,0.04845,0.59427541
0.97418,0.07018,0.59325628
0.97418,0.09191,0.59252444
0.97418,0.11364,0.59269274
0.97418,0.13536,0.59985915
0.97418,0.15709,0.71919047
0.97418,0.17882,0.81336085
0.97418,0.20055,0.88833035
0.97418,0.22227,0.95497654
0.97418,0.24400,1.01689650
0.97418,0.26573,1.07579560
0.97418,0.28745,1.13263908
0.97418,0.30918,1.18803572
0.97418,0.33091,1.24239900
0.97418,0.35264,1.29602547
0.97418,0.37436,1.34913692
0.97418,0.39609,1.40190497
0.97418,0.41782,1.45446618
0.97418,0.43955,1.50693180
0.97418,0.46127,1.55939439
0.97418,0.48300,1.61193231
0.97418,0.50473,1.66461305
0.97418,0.52645,1.71749550
0.97418,0.54818,1.77063180
0.97418,0.56991,1.82406863
0.97418,0.59164,1.87784828
0.97418,0.61336,1.93200941
0.97418,0.63509,1.98658773
0.97418,0.65682,2.04161647
0.97418,0.67855,2.09712684
0.97418,0.70027,2.15314833
0.97418,0.72200,2.20970902
0.97418,0.74373,2.26683579
0.97418,0.76545,2.32455451
0.97418,0.78718,2.38289022
0.97418,0.80891,2.44186727
0.97418,0.83064,2.50150943
0.97418,0.85236,2.56184000
0.97418,0.87409,2.62288189
0.97418,0.89582,2.68465771
0.97418,0.91755,2.74718982
0.97418,0.93927,2.81050043
0.97418,0.96100,2.87461158
0.97418,0.98273,2.93954528
0.97418,1.00445,3.00532347
0.97418,1.02618,3.07196810
0.97418,1.04791,3.13950118
0.97418,1.06964,3.20794476
0.97418,1.09136,3.27732099
0.97418,1.11309,3.34765217
0.97418,1.13482,3.41896073
0.97418,1.15655,3.49126925
0.97418,1.17827,3.56460054
0.97418,1.20000,3.63897761
0.99114,0.00500,0.60211705
0.99114,0.02673,0.60176478
0.99114,0.04845,0.60624793
0.99114,0.07018,0.69422770
0.99114,0.09191,0.73821212
0.99114,0.11364,0.77380504
0.99114,0.13536,0.80522649
0.99114,0.15709,0.83408488
0.99114,0.17882,0.86119870
0.99114,0.20055,0.88705245
0.99114,0.22227,0.91196162
0.99114,0.24400,0.93614581
0.99114,0.26573,0.95976569
0.99114,0.28745,0.98294346
0.99114,0.30918,1.00577501
0.99114,0.33091,1.02833759
0.99114,0.35264,1.05069483
0.99114,0.37436,1.07290014
0.99114,0.39609,1.09499911
0.99114,0.41782,1.11703127
0.99114,0.43955,1.13903133
0.99114,0.46127,1.16103012
0.99114,0.48300,1.18305537
0.99114,0.50473,1.20513225
0.99114,0.52645,1.22728378
0.99114,0.54818,1.24953125
0.99114,0.56991,1.27189446
0.99114,0.59164,1.29439196
0.99114,0.61336,1.31704125
0.99114,0.63509,1.33985893
0.99114,0.65682,1.36286084
0.99114,0.67855,1.38606214
0.99114,0.70027,1.40947746
0.99114,0.72200,1.43312091
0.99114,0.74373,1.45700622
0.99114,0.76545,1.48114674
0.99114,0.78718,1.50555553
0.99114,0.80891,1.53024537
0.99114,0.83064,1.55522884
0.99114,0.85236,1.58051833
0.99114,0.87409,1.60612608
0.99114,0.89582,1.63206418
0.99114,0.91755,1.65834464
0.99114,0.93927,1.68497938
0.99114,0.96100,1.71198027
0.99114,0.98273,1.73935912
0.99114,1.00445,1.76712774
0.99114,1.02618,1.79529789
0.99114,1.04791,1.82388139
0.99114,1.06964,1.85289003
0.99114,1.09136,1.88233566
0.99114,1.11309,1.91223015
0.99114,1.13482,1.94258545
0.99114,1.15655,1.97341354
0.99114,1.17827,2.00472650
0.99114,1.20000,2.03653649
1.00810,0.00500,0.60745939
1.00810,0.02673,0.60785890
1.00810,0.04845,0.60827537
1.00810,0.07018,0.60870596
1.00810,0.09191,0.60915141
1.00810,0.11364,0.60961370
1.00810,0.13536,0.61009534
1.00810,0.15709,0.61059915
1.00810,0.17882,0.61112816
1.00810,0.20055,0.61168559
1.00810,0.22227,0.61227478
1.00810,0.24400,0.61289920
1.00810,0.26573,0.61356249
1.00810,0.28745,0.61426840
1.00810,0.30918,0.61502083
1.00810,0.33091,0.61582383
1.00810,0.35264,0.61668159
1.00810,0.37436,0.61759848
1.00810,0.39609,0.61857903
1.00810,0.41782,0.61962794
1.00810,0.43955,0.62075010
1.00810,0.46127,0.62195060
1.00810,0.48300,0.62323473
1.00810,0.50473,0.62460798
1.00810,0.52645,0.62607609
1.00810,0.54818,0.62764501
1.00810,0.56991,0.62932096
1.00810,0.59164,0.63111037
1.00810,0.61336,0.63301998
1.00810,0.63509,0.63505677
1.00810,0.65682,0.63722801
1.00810,0.67855,0.63954128
1.00810,0.70027,0.64200441
1.00810,0.72200,0.64462556
1.00810,0.74373,0.64741320
1.00810,0.76545,0.65037609
1.00810,0.78718,0.65352330
1.00810,0.80891,0.65686419
1.00810,0.83064,0.66040845
1.00810,0.85236,0.66416601
1.00810,0.87409,0.66814711
1.00810,0.89582,0.67236222
1.00810,0.91755,0.67682205
1.00810,0.93927,0.68153751
1.00810,0.96100,0.68651968
1.00810,0.98273,0.69177976
1.00810,1.00445,0.69732906
1.00810,1.02618,0.70317892
1.00810,1.04791,0.70934066
1.00810,1.06964,0.71582553
1.00810,1.09136,0.72264467
1.00810,1.11309,0.72980901
1.00810,1.13482,0.73732923
1.00810,1.15655,0.74521571
1.00810,1.17827,0.75347844
1.00810,1.20000,0.76212700
1.02506,0.00500,0.61266369
1.02506,0.02673,0.61381928
1.02506,0.04845,0.61500571
1.02506,0.07018,0.61621744
1.02506,0.09191,0.61745127
1.02506,0.11364,0.61870538
1.02506,0.13536,0.61997878
1.02506,0.15709,0.62127101
1.02506,0.17882,0.62258201
1.02506,0.20055,0.62391194
1.02506,0.22227,0.62526119
1.02506,0.24400,0.62663027
1.02506,0.26573,0.62801981
1.02506,0.28745,0.62943050
1.02506,0.30918,0.63086315
1.02506,0.33091,0.63231859
1.02506,0.35264,0.63379772
1.02506,0.37436,0.63530149
1.02506,0.39609,0.63683090
1.02506,0.41782,0.63838697
1.02506,0.43955,0.63997078
1.02506,0.46127,0.64158343
1.02506,0.48300,0.64322606
1.02506,0.50473,0.64489986
1.02506,0.52645,0.64660604
1.02506,0.54818,0.64834585
1.02506,0.56991,0.65012056
1.02506,0.59164,0.65193151
1.02506,0.61336,0.65378004
1.02506,0.63509,0.65566754
1.02506,0.65682,0.65759544
1.02506,0.67855,0.65956522
1.02506,0.70027,0.66157836
1.02506,0.72200,0.66363642
1.02506,0.74373,0.66574098
1.02506,0.76545,0.66789366
1.02506,0.78718,0.67009613
1.02506,0.80891,0.67235011
1.02506,0.83064,0.67465734
1.02506,0.85236,0.67701963
1.02506,0.87409,0.67943882
1.02506,0.89582,0.68191682
1.02506,0.91755,0.68445557
1.02506,0.93927,0.68705706
1.02506,0.96100,0.68972335
1.02506,0.98273,0.69245654
1.02506,1.00445,0.69525878
1.02506,1.02618,0.69813230
1.02506,1.04791,0.70107937
1.02506,1.06964,0.70410232
1.02506,1.09136,0.70720355
1.02506,1.11309,0.71038552
1.02506,1.13482,0.71365074
1.02506,1.15655,0.71700181
1.02506,1.17827,0.72044140
1.02506,1.20000,0.72397222
1.04203,0.00500,0.61773435
1.04203,0.02673,0.61960177
1.04203,0.04845,0.62150898
1.04203,0.07018,0.62345141
1.04203,0.09191,0.62542581
1.04203,0.11364,0.62742982
1.04203,0.13536,0.62946177
1.04203,0.15709,0.63152042
1.04203,0.17882,0.63360492
1.04203,0.20055,0.63571467
1.04203,0.22227,0.63784931
1.04203,0.24400,0.64000861
1.04203,0.26573,0.64219251
1.04203,0.28745,0.64440104
1.04203,0.30918,0.64663432
1.04203,0.33091,0.64889254
1.04203,0.35264,0.65117597
1.04203,0.37436,0.65348493
1.04203,0.39609,0.65581977
1.04203,0.41782,0.65818090
1.04203,0.43955,0.66056877
1.04203,0.46127,0.66298385
1.04203,0.48300,0.66542666
1.04203,0.50473,0.66789772
1.04203,0.52645,0.67039761
1.04203,0.54818,0.67292691
1.04203,0.56991,0.67548624
1.04203,0.59164,0.67807623
1.04203,0.61336,0.68069755
1.04203,0.63509,0.68335087
1.04203,0.65682,0.68603691
1.04203,0.67855,0.68875638
1.04203,0.70027,0.69151004
1.04203,0.72200,0.69429864
1.04203,0.74373,0.69712298
1.04203,0.76545,0.69998386
1.04203,0.78718,0.70288212
1.04203,0.80891,0.70581860
1.04203,0.83064,0.70879417
1.04203,0.85236,0.71180973
1.04203,0.87409,0.71486620
1.04203,0.89582,0.71796450
1.04203,0.91755,0.72110560
1.04203,0.93927,0.72429048
1.04203,0.96100,0.72752013
1.04203,0.98273,0.73079560
1.04203,1.00445,0.73411793
1.04203,1.02618,0.73748820
1.04203,1.04791,0.74090749
1.04203,1.06964,0.74437695
1.04203,1.09136,0.74789772
1.04203,1.11309,0.75147098
1.04203,1.13482,0.75509792
1.04203,1.15655,0.75877978
1.04203,1.17827,0.76251783
1.04203,1.20000,0.76631333
1.05899,0.00500,0.62267597
1.05899,0.02673,0.62521459
1.05899,0.04845,0.62780063
1.05899,0.07018,0.63043051
1.05899,0.09191,0.63310144
1.05899,0.11364,0.63581124
1.05899,0.13536,0.63855818
1.05899,0.15709,0.64134092
1.05899,0.17882,0.64415840
1.05899,0.20055,0.64700978
1.05899,0.22227,0.64989446
1.05899,0.24400,0.65281194
1.05899,0.26573,0.65576189
1.05899,0.28745,0.65874409
1.05899,0.30918,0.66175838
1.05899,0.33091,0.66480472
1.05899,0.35264,0.66788311
1.05899,0.37436,0.67099362
1.05899,0.39609,0.67413638
1.05899,0.41782,0.67731155
1.05899,0.43955,0.68051934
1.05899,0.46127,0.68376000
1.05899,0.48300,0.68703380
1.05899,0.50473,0.69034107
1.05899,0.52645,0.69368212
1.05899,0.54818,0.69705733
1.05899,0.56991,0.70046709
1.05899,0.59164,0.70391180
1.05899,0.61336,0.70739190
1.05899,0.63509,0.71090784
1.05899,0.65682,0.71446008
1.05899,0.67855,0.71804913
1.05899,0.70027,0.72167548
1.05899,0.72200,0.72533967
1.05899,0.74373,0.72904224
1.05899,0.76545,0.73278375
1.05899,0.78718,0.73656477
1.05899,0.80891,0.74038589
1.05899,0.83064,0.74424773
1.05899,0.85236,0.74815092
1.05899,0.87409,0.75209608
1.05899,0.89582,0.75608388
1.05899,0.91755,0.76011500
1.05899,0.93927,0.76419012
1.05899,0.96100,0.76830995
1.05899,0.98273,0.77247520
1.05899,1.00445,0.77668662
1.05899,1.02618,0.78094496
1.05899,1.04791,0.78525099
1.05899,1.06964,0.78960550
1.05899,1.09136,0.79400928
1.05899,1.11309,0.79846318
1.05899,1.13482,0.80296801
1.05899,1.15655,0.80752464
1.05899,1.17827,0.81213394
1.05899,1.20000,0.81679681
1.07595,0.00500,0.62749299
1.07595,0.02673,0.63066359
1.07595,0.04845,0.63388897
1.07595,0.07018,0.63716637
1.07595,0.09191,0.64049352
1.07595,0.11364,0.64386856
1.07595,0.13536,0.64728998
1.07595,0.15709,0.65075657
1.07595,0.17882,0.65426730
1.07595,0.20055,0.65782137
1.07595,0.22227,0.66141813
1.07595,0.24400,0.66505707
1.07595,0.26573,0.66873781
1.07595,0.28745,0.67246005
1.07595,0.30918,0.67622359
1.07595,0.33091,0.68002830
1.07595,0.35264,0.68387413
1.07595,0.37436,0.68776108
1.07595,0.39609,0.69168920
1.07595,0.41782,0.69565859
1.07595,0.43955,0.69966940
1.07595,0.46127,0.70372181
1.07595,0.48300,0.70781604
1.07595,0.50473,0.71195234
1.07595,0.52645,0.71613098
1.07595,0.54818,0.72035227
1.07595,0.56991,0.72461654
1.07595,0.59164,0.72892416
1.07595,0.61336,0.73327549
1.07595,0.63509,0.73767093
1.07595,0.65682,0.74211091
1.07595,0.67855,0.74659587
1.07595,0.70027,0.75112625
1.07595,0.72200,0.75570253
1.07595,0.74373,0.76032521
1.07595,0.76545,0.76499480
1.07595,0.78718,0.76971181
1.07595,0.80891,0.77447679
1.07595,0.83064,0.77929029
1.07595,0.85236,0.78415289
1.07595,0.87409,0.78906517
1.07595,0.89582,0.79402773
1.07595,0.91755,0.79904120
1.07595,0.93927,0.80410619
1.07595,0.96100,0.80922335
1.07595,0.98273,0.81439335
1.07595,1.00445,0.81961686
1.07595,1.02618,0.82489457
1.07595,1.04791,0.83022718
1.07595,1.06964,0.83561541
1.07595,1.09136,0.84106000
1.07595,1.11309,0.84656169
1.07595,1.13482,0.85212124
1.07595,1.15655,0.85773944
1.07595,1.17827,0.86341707
1.07595,1.20000,0.86915495
1.09291,0.00500,0.63218967
1.09291,0.02673,0.63595395
1.09291,0.04845,0.63977995
1.09291,0.07018,0.64366551
1.09291,0.09191,0.64760884
1.09291,0.11364,0.65160844
1.09291,0.13536,0.65566303
1.09291,0.15709,0.65977157
1.09291,0.17882,0.66393320
1.09291,0.20055,0.66814721
1.09291,0.22227,0.67241300
1.09291,0.24400,0.67673013
1.09291,0.26573,0.68109823
1.09291,0.28745,0.68551703
1.09291,0.30918,0.68998633
1.09291,0.33091,0.69450601
1.09291,0.35264,0.69907600
1.09291,0.37436,0.70369631
1.09291,0.39609,0.70836697
1.09291,0.41782,0.71308808
1.09291,0.43955,0.71785977
1.09291,0.46127,0.72268219
1.09291,0.48300,0.72755557
1.09291,0.50473,0.73248012
1.09291,0.52645,0.73745612
1.09291,0.54818,0.74248386
1.09291,0.56991,0.74756365
1.09291,0.59164,0.75269583
1.09291,0.61336,0.75788077
1.09291,0.63509,0.76311886
1.09291,0.65682,0.76841048
1.09291,0.67855,0.77375608
1.09291,0.70027,0.77915610
1.09291,0.72200,0.78461098
1.09291,0.74373,0.79012122
1.09291,0.76545,0.79568731
1.09291,0.78718,0.80130975
1.09291,0.80891,0.80698906
1.09291,0.83064,0.81272581
1.09291,0.85236,0.81852052
1.09291,0.87409,0.82437379
1.09291,0.89582,0.83028618
1.09291,0.91755,0.83625831
1.09291,0.93927,0.84229078
1.09291,0.96100,0.84838422
1.09291,0.98273,0.85453927
1.09291,1.00445,0.86075659
1.09291,1.02618,0.86703683
1.09291,1.04791,0.87338069
1.09291,1.06964,0.87978885
1.09291,1.09136,0.88626203
1.09291,1.11309,0.89280094
1.09291,1.13482,0.89940633
1.09291,1.15655,0.90607893
1.09291,1.17827,0.91281951
1.09291,1.20000,0.91962885
1.10987,0.00500,0.63677013
1.10987,0.02673,0.64109118
1.10987,0.04845,0.64548072
1.10987,0.07018,0.64993709
1.10987,0.09191,0.65445891
1.10987,0.11364,0.65904501
1.10987,0.13536,0.66369439
1.10987,0.15709,0.66840622
1.10987,0.17882,0.67317982
1.10987,0.20055,0.67801463
1.10987,0.22227,0.68291019
1.10987,0.24400,0.68786614
1.10987,0.26573,0.69288222
1.10987,0.28745,0.69795823
1.10987,0.30918,0.70309405
1.10987,0.33091,0.70828960
1.10987,0.35264,0.71354489
1.10987,0.37436,0.71885995
1.10987,0.39609,0.72423488
1.10987,0.41782,0.72966981
1.10987,0.43955,0.73516490
1.10987,0.46127,0.74072037
1.10987,0.48300,0.74633644
1.10987,0.50473,0.75201340
1.10987,0.52645,0.75775154
1.10987,0.54818,0.76355118
1.10987,0.56991,0.76941267
1.10987,0.59164,0.77533640
1.10987,0.61336,0.78132274
1.10987,0.63509,0.78737213
1.10987,0.65682,0.79348500
1.10987,0.67855,0.79966180
1.10987,0.70027,0.80590302
1.10987,0.72200,0.81220914
1.10987,0.74373,0.81858067
1.10987,0.76545,0.82501815
1.10987,0.78718,0.83152210
1.10987,0.80891,0.83809311
1.10987,0.83064,0.84473172
1.10987,0.85236,0.85143855
1.10987,0.87409,0.85821418
1.10987,0.89582,0.86505923
1.10987,0.91755,0.87197434
1.10987,0.93927,0.87896016
1.10987,0.96100,0.88601733
1.10987,0.98273,0.89314654
1.10987,1.00445,0.90034847
1.10987,1.02618,0.90762381
1.10987,1.04791,0.91497329
1.10987,1.06964,0.92239762
1.10987,1.09136,0.92989755
1.10987,1.11309,0.93747382
1.10987,1.13482,0.94512720
1.10987,1.15655,0.95285847
1.10987,1.17827,0.96066841
1.10987,1.20000,0.96855784
1.12684,0.00500,0.64123835
1.12684,0.02673,0.64608067
1.12684,0.04845,0.65099819
1.12684,0.07018,0.65598969
1.12684,0.09191,0.66105414
1.12684,0.11364,0.66619070
1.12684,0.13536,0.67139864
1.12684,0.15709,0.67667736
1.12684,0.17882,0.68202640
1.12684,0.20055,0.68744536
1.12684,0.22227,0.69293397
1.12684,0.24400,0.69849200
1.12684,0.26573,0.70411933
1.12684,0.28745,0.70981588
1.12684,0.30918,0.71558164
1.12684,0.33091,0.72141665
1.12684,0.35264,0.72732102
1.12684,0.37436,0.73329486
1.12684,0.39609,0.73933838
1.12684,0.41782,0.74545177
1.12684,0.43955,0.75163531
1.12684,0.46127,0.75788929
1.12684,0.48300,0.76421401
1.12684,0.50473,0.77060984
1.12684,0.52645,0.77707714
1.12684,0.54818,0.78361633
1.12684,0.56991,0.79022783
1.12684,0.59164,0.79691210
1.12684,0.61336,0.80366961
1.12684,0.63509,0.81050085
1.12684,0.65682,0.81740633
1.12684,0.67855,0.82438661
1.12684,0.70027,0.83144221
1.12684,0.72200,0.83857373
1.12684,0.74373,0.84578175
1.12684,0.76545,0.85306687
1.12684,0.78718,0.86042972
1.12684,0.80891,0.86787093
1.12684,0.83064,0.87539117
1.12684,0.85236,0.88299109
1.12684,0.87409,0.89067139
1.12684,0.89582,0.89843276
1.12684,0.91755,0.90627591
1.12684,0.93927,0.91420158
1.12684,0.96100,0.92221051
1.12684,0.98273,0.93030345
1.12684,1.00445,0.93848118
1.12684,1.02618,0.94674447
1.12684,1.04791,0.95509413
1.12684,1.06964,0.96353096
1.12684,1.09136,0.97205579
1.12684,1.11309,0.98066946
1.12684,1.13482,0.98937282
1.12684,1.15655,0.99816674
1.12684,1.17827,1.00705208
1.12684,1.20000,1.01602975
1.14380,0.00500,0.64559816
1.14380,0.02673,0.65092749
1.14380,0.04845,0.65633844
1.14380,0.07018,0.66183016
1.14380,0.09191,0.66740196
1.14380,0.11364,0.67305325
1.14380,0.13536,0.67878356
1.14380,0.15709,0.68459255
1.14380,0.17882,0.69047992
1.14380,0.20055,0.69644548
1.14380,0.22227,0.70248912
1.14380,0.24400,0.70861077
1.14380,0.26573,0.71481045
1.14380,0.28745,0.72108822
1.14380,0.30918,0.72744420
1.14380,0.33091,0.73387856
1.14380,0.35264,0.74039149
1.14380,0.37436,0.74698325
1.14380,0.39609,0.75365413
1.14380,0.41782,0.76040445
1.14380,0.43955,0.76723456
1.14380,0.46127,0.77414486
1.14380,0.48300,0.78113576
1.14380,0.50473,0.78820770
1.14380,0.52645,0.79536116
1.14380,0.54818,0.80259663
1.14380,0.56991,0.80991463
1.14380,0.59164,0.81731570
1.14380,0.61336,0.82480041
1.14380,0.63509,0.83236934
1.14380,0.65682,0.84002310
1.14380,0.67855,0.84776231
1.14380,0.70027,0.85558762
1.14380,0.72200,0.86349967
1.14380,0.74373,0.87149916
1.14380,0.76545,0.87958678
1.14380,0.78718,0.88776324
1.14380,0.80891,0.89602927
1.14380,0.83064,0.90438561
1.14380,0.85236,0.91283302
1.14380,0.87409,0.92137228
1.14380,0.89582,0.93000418
1.14380,0.91755,0.93872953
1.14380,0.93927,0.94754913
1.14380,0.96100,0.95646384
1.14380,0.98273,0.96547448
1.14380,1.00445,0.97458194
1.14380,1.02618,0.98378709
1.14380,1.04791,0.99309081
1.14380,1.06964,1.00249401
1.14380,1.09136,1.01199762
1.14380,1.11309,1.02160256
1.14380,1.13482,1.03130977
1.14380,1.15655,1.04112023
1.14380,1.17827,1.05103490
1.14380,1.20000,1.06105478
1.16076,0.00500,0.64985326
1.16076,0.02673,0.65563674
1.16076,0.04845,0.66150795
1.16076,0.07018,0.66746636
1.16076,0.09191,0.67351154
1.16076,0.11364,0.67964318
1.16076,0.13536,0.68586103
1.16076,0.15709,0.69216495
1.16076,0.17882,0.69855484
1.16076,0.20055,0.70503070
1.16076,0.22227,0.71159258
1.16076,0.24400,0.71824056
1.16076,0.26573,0.72497482
1.16076,0.28745,0.73179555
1.16076,0.30918,0.73870300
1.16076,0.33091,0.74569747
1.16076,0.35264,0.75277928
1.16076,0.37436,0.75994880
1.16076,0.39609,0.76720643
1.16076,0.41782,0.77455261
1.16076,0.43955,0.78198779
1.16076,0.46127,0.78951248
1.16076,0.48300,0.79712719
1.16076,0.50473,0.80483246
1.16076,0.52645,0.81262887
1.16076,0.54818,0.82051702
1.16076,0.56991,0.82849752
1.16076,0.59164,0.83657101
1.16076,0.61336,0.84473814
1.16076,0.63509,0.85299961
1.16076,0.65682,0.86135611
1.16076,0.67855,0.86980836
1.16076,0.70027,0.87835709
1.16076,0.72200,0.88700307
1.16076,0.74373,0.89574706
1.16076,0.76545,0.90458986
1.16076,0.78718,0.91353227
1.16076,0.80891,0.92257511
1.16076,0.83064,0.93171923
1.16076,0.85236,0.94096548
1.16076,0.87409,0.95031472
1.16076,0.89582,0.95976785
1.16076,0.91755,0.96932577
1.16076,0.93927,0.97898938
1.16076,0.96100,0.98875962
1.16076,0.98273,0.99863744
1.16076,1.00445,1.00862379
1.16076,1.02618,1.01871965
1.16076,1.04791,1.02892601
1.16076,1.06964,1.03924386
1.16076,1.09136,1.04967423
1.16076,1.11309,1.06021814
1.16076,1.13482,1.07087665
1.16076,1.15655,1.08165080
1.16076,1.17827,1.09254167
1.16076,1.20000,1.10355035
1.17772,0.00500,0.65400719
1.17772,0.02673,0.66021357
1.17772,0.04845,0.66651368
1.17772,0.07018,0.67290728
1.17772,0.09191,0.67939419
1.17772,0.11364,0.68597434
1.17772,0.13536,0.69264772
1.17772,0.15709,0.69941437
1.17772,0.17882,0.70627441
1.17772,0.20055,0.71322801
1.17772,0.22227,0.72027539
1.17772,0.24400,0.72741681
1.17772,0.26573,0.73465260
1.17772,0.28745,0.74198312
1.17772,0.30918,0.74940875
1.17772,0.33091,0.75692994
1.17772,0.35264,0.76454715
1.17772,0.37436,0.77226089
1.17772,0.39609,0.78007169
1.17772,0.41782,0.78798011
1.17772,0.43955,0.79598675
1.17772,0.46127,0.80409223
1.17772,0.48300,0.81229718
1.17772,0.50473,0.82060229
1.17772,0.52645,0.82900824
1.17772,0.54818,0.83751576
1.17772,0.56991,0.84612557
1.17772,0.59164,0.85483845
1.17772,0.61336,0.86365517
1.17772,0.63509,0.87257653
1.17772,0.65682,0.88160335
1.17772,0.67855,0.89073647
1.17772,0.70027,0.89997676
1.17772,0.72200,0.90932508
1.17772,0.74373,0.91878233
1.17772,0.76545,0.92834942
1.17772,0.78718,0.93802728
1.17772,0.80891,0.94781686
1.17772,0.83064,0.95771911
1.17772,0.85236,0.96773501
1.17772,0.87409,0.97786556
1.17772,0.89582,0.98811177
1.17772,0.91755,0.99847466
1.17772,0.93927,1.00895527
1.17772,0.96100,1.01955467
1.17772,0.98273,1.03027391
1.17772,1.00445,1.04111410
1.17772,1.02618,1.05207632
1.17772,1.04791,1.06316171
1.17772,1.06964,1.07437138
1.17772,1.09136,1.08570650
1.17772,1.11309,1.09716822
1.17772,1.13482,1.10875771
1.17772,1.15655,1.12047618
1.17772,1.17827,1.13232483
1.17772,1.20000,1.14430488
1.19468,0.00500,0.65806336
1.19468,0.02673,0.66466256
1.19468,0.04845,0.67136101
1.19468,0.07018,0.67815868
1.19468,0.09191,0.68505563
1.19468,0.11364,0.69205200
1.19468,0.13536,0.69914795
1.19468,0.15709,0.70634372
1.19468,0.17882,0.71363960
1.19468,0.20055,0.72103593
1.19468,0.22227,0.72853307
1.19468,0.24400,0.73613145
1.19468,0.26573,0.74383153
1.19468,0.28745,0.75163380
1.19468,0.30918,0.75953879
1.19468,0.33091,0.76754707
1.19468,0.35264,0.77565924
1.19468,0.37436,0.78387591
1.19468,0.39609,0.79219775
1.19468,0.41782,0.80062543
1.19468,0.43955,0.80915966
1.19468,0.46127,0.81780117
1.19468,0.48300,0.82655073
1.19468,0.50473,0.83540911
1.19468,0.52645,0.84437712
1.19468,0.54818,0.85345557
1.19468,0.56991,0.86264533
1.19468,0.59164,0.87194725
1.19468,0.61336,0.88136221
1.19468,0.63509,0.89089114
1.19468,0.65682,0.90053495
1.19468,0.67855,0.91029458
1.19468,0.70027,0.92017100
1.19468,0.72200,0.93016519
1.19468,0.74373,0.94027815
1.19468,0.76545,0.95051089
1.19468,0.78718,0.96086444
1.19468,0.80891,0.97133986
1.19468,0.83064,0.98193821
1.19468,0.85236,0.99266056
1.19468,0.87409,1.00350803
1.19468,0.89582,1.01448172
1.19468,0.91755,1.02558276
1.19468,0.93927,1.03681231
1.19468,0.96100,1.04817151
1.19468,0.98273,1.05966156
1.19468,1.00445,1.07128364
1.19468,1.02618,1.08303896
1.19468,1.04791,1.09492875
1.19468,1.06964,1.10695424
1.19468,1.09136,1.11911670
1.19468,1.11309,1.13141738
1.19468,1.13482,1.14385759
1.19468,1.15655,1.15643861
1.19468,1.17827,1.16916176
1.19468,1.20000,1.18202839
1.21165,0.00500,0.66202506
1.21165,0.02673,0.66898861
1.21165,0.04845,0.67605662
1.21165,0.07018,0.68322930
1.21165,0.09191,0.69050690
1.21165,0.11364,0.69788974
1.21165,0.13536,0.70537817
1.21165,0.15709,0.71297260
1.21165,0.17882,0.72067347
1.21165,0.20055,0.72848129
1.21165,0.22227,0.73639657
1.21165,0.24400,0.74441987
1.21165,0.26573,0.75255181
1.21165,0.28745,0.76079301
1.21165,0.30918,0.76914413
1.21165,0.33091,0.77760586
1.21165,0.35264,0.78617894
1.21165,0.37436,0.79486411
1.21165,0.39609,0.80366214
1.21165,0.41782,0.81257384
1.21165,0.43955,0.82160003
1.21165,0.46127,0.83074156
1.21165,0.48300,0.83999930
1.21165,0.50473,0.84937416
1.21165,0.52645,0.85886704
1.21165,0.54818,0.86847888
1.21165,0.56991,0.87821065
1.21165,0.59164,0.88806331
1.21165,0.61336,0.89803787
1.21165,0.63509,0.90813534
1.21165,0.65682,0.91835677
1.21165,0.67855,0.92870319
1.21165,0.70027,0.93917569
1.21165,0.72200,0.94977536
1.21165,0.74373,0.96050330
1.21165,0.76545,0.97136063
1.21165,0.78718,0.98234851
1.21165,0.80891,0.99346809
1.21165,0.83064,1.00472054
1.21165,0.85236,1.01610705
1.21165,0.87409,1.02762885
1.21165,0.89582,1.03928714
1.21165,0.91755,1.05108319
1.21165,0.93927,1.06301823
1.21165,0.96100,1.07509355
1.21165,0.98273,1.08731044
1.21165,1.00445,1.09967020
1.21165,1.02618,1.11217415
1.21165,1.04791,1.12482364
1.21165,1.06964,1.13762002
1.21165,1.09136,1.15056466
1.21165,1.11309,1.16365894
1.21165,1.13482,1.17690427
1.21165,1.15655,1.19030207
1.21165,1.17827,1.20385376
1.21165,1.20000,1.21756080
1.22861,0.00500,0.66589545
1.22861,0.02673,0.67319622
1.22861,0.04845,0.68060632
1.22861,0.07018,0.68812616
1.22861,0.09191,0.69575615
1.22861,0.11364,0.70349678
1.22861,0.13536,0.71134858
1.22861,0.15709,0.71931210
1.22861,0.17882,0.72738793
1.22861,0.20055,0.73557672
1.22861,0.22227,0.74387914
1.22861,0.24400,0.75229587
1.22861,0.26573,0.76082766
1.22861,0.28745,0.76947526
1.22861,0.30918,0.77823946
1.22861,0.33091,0.78712108
1.22861,0.35264,0.79612096
1.22861,0.37436,0.80523997
1.22861,0.39609,0.81447900
1.22861,0.41782,0.82383897
1.22861,0.43955,0.83332082
1.22861,0.46127,0.84292551
1.22861,0.48300,0.85265403
1.22861,0.50473,0.86250737
1.22861,0.52645,0.87248657
1.22861,0.54818,0.88259268
1.22861,0.56991,0.89282675
1.22861,0.59164,0.90318987
1.22861,0.61336,0.91368316
1.22861,0.63509,0.92430773
1.22861,0.65682,0.93506472
1.22861,0.67855,0.94595530
1.22861,0.70027,0.95698065
1.22861,0.72200,0.96814196
1.22861,0.74373,0.97944045
1.22861,0.76545,0.99087734
1.22861,0.78718,1.00245389
1.22861,0.80891,1.01417137
1.22861,0.83064,1.02603105
1.22861,0.85236,1.03803424
1.22861,0.87409,1.05018225
1.22861,0.89582,1.06247642
1.22861,0.91755,1.07491810
1.22861,0.93927,1.08750865
1.22861,0.96100,1.10024947
1.22861,0.98273,1.11314194
1.22861,1.00445,1.12618748
1.22861,1.02618,1.13938753
1.22861,1.04791,1.15274354
1.22861,1.06964,1.16625698
1.22861,1.09136,1.17992931
1.22861,1.11309,1.19376203
1.22861,1.13482,1.20775665
1.22861,1.15655,1.22191463
1.22861,1.17827,1.23623746
1.22861,1.20000,1.25072675
1.24557,0.00500,0.66967755
1.24557,0.02673,0.67728980
1.24557,0.04845,0.68501589
1.24557,0.07018,0.69285639
1.24557,0.09191,0.70081187
1.24557,0.11364,0.70888298
1.24557,0.13536,0.71707037
1.24557,0.15709,0.72537476
1.24557,0.17882,0.73379687
1.24557,0.20055,0.74233747
1.24557,0.22227,0.75099735
1.24557,0.24400,0.75977734
1.24557,0.26573,0.76867830
1.24557,0.28745,0.77770111
1.24557,0.30918,0.78684666
1.24557,0.33091,0.79611590
1.24557,0.35264,0.80550977
1.24557,0.37436,0.81502927
1.24557,0.39609,0.82467538
1.24557,0.41782,0.83444914
1.24557,0.43955,0.84435159
1.24557,0.46127,0.85438381
1.24557,0.48300,0.86454688
1.24557,0.50473,0.87484190
1.24557,0.52645,0.88527002
1.24557,0.54818,0.89583239
1.24557,0.56991,0.90653016
1.24557,0.59164,0.91736453
1.24557,0.61336,0.92833671
1.24557,0.63509,0.93944793
1.24557,0.65682,0.95069942
1.24557,0.67855,0.96209245
1.24557,0.70027,0.97362830
1.24557,0.72200,0.98530827
1.24557,0.74373,0.99713368
1.24557,0.76545,1.00910585
1.24557,0.78718,1.02122615
1.24557,0.80891,1.03349593
1.24557,0.83064,1.04591659
1.24557,0.85236,1.05848952
1.24557,0.87409,1.07121615
1.24557,0.89582,1.08409792
1.24557,0.91755,1.09713626
1.24557,0.93927,1.11033263
1.24557,0.96100,1.12368847
1.24557,0.98273,1.13720527
1.24557,1.00445,1.15088475
1.24557,1.02618,1.16472842
1.24557,1.04791,1.17873776
1.24557,1.06964,1.19291432
1.24557,1.09136,1.20725969
1.24557,1.11309,1.22177547
1.24557,1.13482,1.23646330
1.24557,1.15655,1.25132480
1.24557,1.17827,1.26636164
1.24557,1.20000,1.28157549
1.26253,0.00500,0.67337427
1.26253,0.02673,0.68127357
1.26253,0.04845,0.68929079
1.26253,0.07018,0.69742664
1.26253,0.09191,0.70568185
1.26253,0.11364,0.71405717
1.26253,0.13536,0.72255341
1.26253,0.15709,0.73117138
1.26253,0.17882,0.73991195
1.26253,0.20055,0.74877599
1.26253,0.22227,0.75776442
1.26253,0.24400,0.76687817
1.26253,0.26573,0.77611821
1.26253,0.28745,0.78548552
1.26253,0.30918,0.79498111
1.26253,0.33091,0.80460602
1.26253,0.35264,0.81436130
1.26253,0.37436,0.82424804
1.26253,0.39609,0.83426734
1.26253,0.41782,0.84442032
1.26253,0.43955,0.85470812
1.26253,0.46127,0.86513191
1.26253,0.48300,0.87569287
1.26253,0.50473,0.88639220
1.26253,0.52645,0.89723114
1.26253,0.54818,0.90821092
1.26253,0.56991,0.91933280
1.26253,0.59164,0.93059807
1.26253,0.61336,0.94200803
1.26253,0.63509,0.95356398
1.26253,0.65682,0.96526728
1.26253,0.67855,0.97711926
1.26253,0.70027,0.98912131
1.26253,0.72200,1.00127481
1.26253,0.74373,1.01358116
1.26253,0.76545,1.02604176
1.26253,0.78718,1.03865808
1.26253,0.80891,1.05143162
1.26253,0.83064,1.06436382
1.26253,0.85236,1.07745617
1.26253,0.87409,1.09071017
1.26253,0.89582,1.10412736
1.26253,0.91755,1.11770929
1.26253,0.93927,1.13145751
1.26253,0.96100,1.14537359
1.26253,0.98273,1.15945915
1.26253,1.00445,1.17371579
1.26253,1.02618,1.18814513
1.26253,1.04791,1.20274884
1.26253,1.06964,1.21752856
1.26253,1.09136,1.23248598
1.26253,1.11309,1.24762281
1.26253,1.13482,1.26294074
1.26253,1.15655,1.27844153
1.26253,1.17827,1.29412691
1.26253,1.20000,1.30999865
1.27949,0.00500,0.67698842
1.27949,0.02673,0.68515178
1.27949,0.04845,0.69343694
1.27949,0.07018,0.70184473
1.27949,0.09191,0.71037602
1.27949,0.11364,0.71903169
1.27949,0.13536,0.72781265
1.27949,0.15709,0.73671986
1.27949,0.17882,0.74575427
1.27949,0.20055,0.75491689
1.27949,0.22227,0.76420874
1.27949,0.24400,0.77363086
1.27949,0.26573,0.78318433
1.27949,0.28745,0.79287024
1.27949,0.30918,0.80268970
1.27949,0.33091,0.81264385
1.27949,0.35264,0.82273385
1.27949,0.37436,0.83296089
1.27949,0.39609,0.84332616
1.27949,0.41782,0.85383088
1.27949,0.43955,0.86447631
1.27949,0.46127,0.87526370
1.27949,0.48300,0.88619434
1.27949,0.50473,0.89726953
1.27949,0.52645,0.90849059
1.27949,0.54818,0.91985885
1.27949,0.56991,0.93137567
1.27949,0.59164,0.94304243
1.27949,0.61336,0.95486056
1.27949,0.63509,0.96683144
1.27949,0.65682,0.97895650
1.27949,0.67855,0.99123720
1.27949,0.70027,1.00367501
1.27949,0.72200,1.01627141
1.27949,0.74373,1.02902791
1.27949,0.76545,1.04194603
1.27949,0.78718,1.05502731
1.27949,0.80891,1.06827330
1.27949,0.83064,1.08168558
1.27949,0.85236,1.09526575
1.27949,0.87409,1.10901540
1.27949,0.89582,1.12293618
1.27949,0.91755,1.13702972
1.27949,0.93927,1.15129768
1.27949,0.96100,1.16574175
1.27949,0.98273,1.18036363
1.27949,1.00445,1.19516502
1.27949,1.02618,1.21014766
1.27949,1.04791,1.22531331
1.27949,1.06964,1.24066372
1.27949,1.09136,1.25620068
1.27949,1.11309,1.27192600
1.27949,1.13482,1.28784150
1.27949,1.15655,1.30394901
1.27949,1.17827,1.32025040
1.27949,1.20000,1.33674753
1.29646,0.00500,0.68052267
1.29646,0.02673,0.68892817
1.29646,0.04845,0.69745889
1.29646,0.07018,0.70611575
1.29646,0.09191,0.71489972
1.29646,0.11364,0.72381181
1.29646,0.13536,0.73285302
1.29646,0.15709,0.74202441
1.29646,0.17882,0.75132703
1.29646,0.20055,0.76076199
1.29646,0.22227,0.77033040
1.29646,0.24400,0.78003339
1.29646,0.26573,0.78987214
1.29646,0.28745,0.79984782
1.29646,0.30918,0.80996164
1.29646,0.33091,0.82021482
1.29646,0.35264,0.83060861
1.29646,0.37436,0.84114427
1.29646,0.39609,0.85182309
1.29646,0.41782,0.86264640
1.29646,0.43955,0.87361549
1.29646,0.46127,0.88473173
1.29646,0.48300,0.89599648
1.29646,0.50473,0.90741112
1.29646,0.52645,0.91897705
1.29646,0.54818,0.93069569
1.29646,0.56991,0.94256849
1.29646,0.59164,0.95459691
1.29646,0.61336,0.96678241
1.29646,0.63509,0.97912649
1.29646,0.65682,0.99163068
1.29646,0.67855,1.00429648
1.29646,0.70027,1.01712547
1.29646,0.72200,1.03011919
1.29646,0.74373,1.04327924
1.29646,0.76545,1.05660722
1.29646,0.78718,1.07010474
1.29646,0.80891,1.08377345
1.29646,0.83064,1.09761499
1.29646,0.85236,1.11163105
1.29646,0.87409,1.12582331
1.29646,0.89582,1.14019348
1.29646,0.91755,1.15474328
1.29646,0.93927,1.16947446
1.29646,0.96100,1.18438878
1.29646,0.98273,1.19948801
1.29646,1.00445,1.21477397
1.29646,1.02618,1.23024845
1.29646,1.04791,1.24591329
1.29646,1.06964,1.26177034
1.29646,1.09136,1.27782148
1.29646,1.11309,1.29406858
1.29646,1.13482,1.31051355
1.29646,1.15655,1.32715831
1.29646,1.17827,1.34400481
1.29646,1.20000,1.36105499
1.31342,0.00500,0.68397960
1.31342,0.02673,0.69260659
1.31342,0.04845,0.70136179
1.31342,0.07018,0.71024622
1.31342,0.09191,0.71926095
1.31342,0.11364,0.72840706
1.31342,0.13536,0.73768565
1.31342,0.15709,0.74709787
1.31342,0.17882,0.75664486
1.31342,0.20055,0.76632779
1.31342,0.22227,0.77614787
1.31342,0.24400,0.78610631
1.31342,0.26573,0.79620436
1.31342,0.28745,0.80644327
1.31342,0.30918,0.81682432
1.31342,0.33091,0.82734882
1.31342,0.35264,0.83801808
1.31342,0.37436,0.84883346
1.31342,0.39609,0.85979630
1.31342,0.41782,0.87090798
1.31342,0.43955,0.88216991
1.31342,0.46127,0.89358350
1.31342,0.48300,0.90515019
1.31342,0.50473,0.91687142
1.31342,0.52645,0.92874868
1.31342,0.54818,0.94078345
1.31342,0.56991,0.95297724
1.31342,0.59164,0.96533158
1.31342,0.61336,0.97784801
1.31342,0.63509,0.99052810
1.31342,0.65682,1.00337342
1.31342,0.67855,1.01638558
1.31342,0.70027,1.02956619
1.31342,0.72200,1.04291688
1.31342,0.74373,1.05643930
1.31342,0.76545,1.07013513
1.31342,0.78718,1.08400606
1.31342,0.80891,1.09805378
1.31342,0.83064,1.11228001
1.31342,0.85236,1.12668651
1.31342,0.87409,1.14127502
1.31342,0.89582,1.15604733
1.31342,0.91755,1.17100521
1.31342,0.93927,1.18615050
1.31342,0.96100,1.20148500
1.31342,0.98273,1.21701058
1.31342,1.00445,1.23272909
1.31342,1.02618,1.24864242
1.31342,1.04791,1.26475247
1.31342,1.06964,1.28106115
1.31342,1.09136,1.29757041
1.31342,1.11309,1.31428219
1.31342,1.13482,1.33119847
1.31342,1.15655,1.34832125
1.31342,1.17827,1.36565252
1.31342,1.20000,1.38319432
1.33038,0.00500,0.68736169
1.33038,0.02673,0.69619072
1.33038,0.04845,0.70515059
1.33038,0.07018,0.71424243
1.33038,0.09191,0.72346737
1.33038,0.11364,0.73282659
1.33038,0.13536,0.74232126
1.33038,0.15709,0.75195258
1.33038,0.17882,0.76172180
1.33038,0.20055,0.77163014
1.33038,0.22227,0.78167889
1.33038,0.24400,0.79186933
1.33038,0.26573,0.80220277
1.33038,0.28745,0.81268055
1.33038,0.30918,0.82330399
1.33038,0.33091,0.83407449
1.33038,0.35264,0.84499341
1.33038,0.37436,0.85606217
1.33038,0.39609,0.86728219
1.33038,0.41782,0.87865492
1.33038,0.43955,0.89018181
1.33038,0.46127,0.90186434
1.33038,0.48300,0.91370401
1.33038,0.50473,0.92570235
1.33038,0.52645,0.93786087
1.33038,0.54818,0.95018113
1.33038,0.56991,0.96266471
1.33038,0.59164,0.97531319
1.33038,0.61336,0.98812817
1.33038,0.63509,1.00111128
1.33038,0.65682,1.01426416
1.33038,0.67855,1.02758846
1.33038,0.70027,1.04108586
1.33038,0.72200,1.05475806
1.33038,0.74373,1.06860677
1.33038,0.76545,1.08263371
1.33038,0.78718,1.09684063
1.33038,0.80891,1.11122930
1.33038,0.83064,1.12580149
1.33038,0.85236,1.14055901
1.33038,0.87409,1.15550367
1.33038,0.89582,1.17063731
1.33038,0.91755,1.18596177
1.33038,0.93927,1.20147894
1.33038,0.96100,1.21719069
1.33038,0.98273,1.23309894
1.33038,1.00445,1.24920560
1.33038,1.02618,1.26551262
1.33038,1.04791,1.28202197
1.33038,1.06964,1.29873560
1.33038,1.09136,1.31565553
1.33038,1.11309,1.33278377
1.33038,1.13482,1.35012235
1.33038,1.15655,1.36767332
1.33038,1.17827,1.38543875
1.33038,1.20000,1.40342073
1.34734,0.00500,0.69067132
1.34734,0.02673,0.69968407
1.34734,0.04845,0.70883003
1.34734,0.07018,0.71811038
1.34734,0.09191,0.72752635
1.34734,0.11364,0.73707917
1.34734,0.13536,0.74677007
1.34734,0.15709,0.75660035
1.34734,0.17882,0.76657129
1.34734,0.20055,0.77668421
1.34734,0.22227,0.78694043
1.34734,0.24400,0.79734132
1.34734,0.26573,0.80788823
1.34734,0.28745,0.81858257
1.34734,0.30918,0.82942574
1.34734,0.33091,0.84041917
1.34734,0.35264,0.85156430
1.34734,0.37436,0.86286261
1.34734,0.39609,0.87431556
1.34734,0.41782,0.88592467
1.34734,0.43955,0.89769145
1.34734,0.46127,0.90961745
1.34734,0.48300,0.92170420
1.34734,0.50473,0.93395329
1.34734,0.52645,0.94636631
1.34734,0.54818,0.95894487
1.34734,0.56991,0.97169058
1.34734,0.59164,0.98460510
1.34734,0.61336,0.99769009
1.34734,0.63509,1.01094721
1.34734,0.65682,1.02437818
1.34734,0.67855,1.03798470
1.34734,0.70027,1.05176851
1.34734,0.72200,1.06573134
1.34734,0.74373,1.07987498
1.34734,0.76545,1.09420120
1.34734,0.78718,1.10871181
1.34734,0.80891,1.12340862
1.34734,0.83064,1.13829346
1.34734,0.85236,1.15336821
1.34734,0.87409,1.16863472
1.34734,0.89582,1.18409489
1.34734,0.91755,1.19975062
1.34734,0.93927,1.21560385
1.34734,0.96100,1.23165651
1.34734,0.98273,1.24791057
1.34734,1.00445,1.26436800
1.34734,1.02618,1.28103081
1.34734,1.04791,1.29790100
1.34734,1.06964,1.31498062
1.34734,1.09136,1.33227172
1.34734,1.11309,1.34977636
1.34734,1.13482,1.36749664
1.34734,1.15655,1.38543467
1.34734,1.17827,1.40359257
1.34734,1.20000,1.42197248
1.36430,0.00500,0.69391077
1.36430,0.02673,0.70308997
1.36430,0.04845,0.71240441
1.36430,0.07018,0.72185536
1.36430,0.09191,0.73144407
1.36430,0.11364,0.74117185
1.36430,0.13536,0.75104000
1.36430,0.15709,0.76104985
1.36430,0.17882,0.77120276
1.36430,0.20055,0.78150009
1.36430,0.22227,0.79194324
1.36430,0.24400,0.80253360
1.36430,0.26573,0.81327260
1.36430,0.28745,0.82416169
1.36430,0.30918,0.83520233
1.36430,0.33091,0.84639600
1.36430,0.35264,0.85774418
1.36430,0.37436,0.86924841
1.36430,0.39609,0.88091022
1.36430,0.41782,0.89273114
1.36430,0.43955,0.90471276
1.36430,0.46127,0.91685666
1.36430,0.48300,0.92916444
1.36430,0.50473,0.94163772
1.36430,0.52645,0.95427815
1.36430,0.54818,0.96708738
1.36430,0.56991,0.98006708
1.36430,0.59164,0.99321894
1.36430,0.61336,1.00654467
1.36430,0.63509,1.02004601
1.36430,0.65682,1.03372469
1.36430,0.67855,1.04758247
1.36430,0.70027,1.06162113
1.36430,0.72200,1.07584247
1.36430,0.74373,1.09024830
1.36430,0.76545,1.10484045
1.36430,0.78718,1.11962077
1.36430,0.80891,1.13459113
1.36430,0.83064,1.14975340
1.36430,0.85236,1.16510951
1.36430,0.87409,1.18066135
1.36430,0.89582,1.19641087
1.36430,0.91755,1.21236002
1.36430,0.93927,1.22851078
1.36430,0.96100,1.24486513
1.36430,0.98273,1.26142509
1.36430,1.00445,1.27819268
1.36430,1.02618,1.29516995
1.36430,1.04791,1.31235896
1.36430,1.06964,1.32976179
1.36430,1.09136,1.34738054
1.36430,1.11309,1.36521733
1.36430,1.13482,1.38327430
1.36430,1.15655,1.40155361
1.36430,1.17827,1.42005742
1.36430,1.20000,1.43878793
1.38127,0.00500,0.69708223
1.38127,0.02673,0.70641163
1.38127,0.04845,0.71587799
1.38127,0.07018,0.72548264
1.38127,0.09191,0.73522688
1.38127,0.11364,0.74511207
1.38127,0.13536,0.75513956
1.38127,0.15709,0.76531073
1.38127,0.17882,0.77562698
1.38127,0.20055,0.78608974
1.38127,0.22227,0.79670042
1.38127,0.24400,0.80746049
1.38127,0.26573,0.81837141
1.38127,0.28745,0.82943468
1.38127,0.30918,0.84065179
1.38127,0.33091,0.85202428
1.38127,0.35264,0.86355368
1.38127,0.37436,0.87524154
1.38127,0.39609,0.88708946
1.38127,0.41782,0.89909901
1.38127,0.43955,0.91127181
1.38127,0.46127,0.92360949
1.38127,0.48300,0.93611369
1.38127,0.50473,0.94878608
1.38127,0.52645,0.96162833
1.38127,0.54818,0.97464214
1.38127,0.56991,0.98782923
1.38127,0.59164,1.00119132
1.38127,0.61336,1.01473017
1.38127,0.63509,1.02844753
1.38127,0.65682,1.04234520
1.38127,0.67855,1.05642498
1.38127,0.70027,1.07068867
1.38127,0.72200,1.08513813
1.38127,0.74373,1.09977519
1.38127,0.76545,1.11460173
1.38127,0.78718,1.12961964
1.38127,0.80891,1.14483082
1.38127,0.83064,1.16023720
1.38127,0.85236,1.17584071
1.38127,0.87409,1.19164331
1.38127,0.89582,1.20764698
1.38127,0.91755,1.22385372
1.38127,0.93927,1.24026553
1.38127,0.96100,1.25688445
1.38127,0.98273,1.27371251
1.38127,1.00445,1.29075179
1.38127,1.02618,1.30800438
1.38127,1.04791,1.32547236
1.38127,1.06964,1.34315787
1.38127,1.09136,1.36106304
1.38127,1.11309,1.37919003
1.38127,1.13482,1.39754102
1.38127,1.15655,1.41611819
1.38127,1.17827,1.43492377
1.38127,1.20000,1.45395999
1.39823,0.00500,0.70018782
1.39823,0.02673,0.70965209
1.39823,0.04845,0.71925472
1.39823,0.07018,0.72899705
1.39823,0.09191,0.73888045
1.39823,0.11364,0.74890631
1.39823,0.13536,0.75907601
1.39823,0.15709,0.76939099
1.39823,0.17882,0.77985267
1.39823,0.20055,0.79046250
1.39823,0.22227,0.80122197
1.39823,0.24400,0.81213256
1.39823,0.26573,0.82319577
1.39823,0.28745,0.83441313
1.39823,0.30918,0.84578617
1.39823,0.33091,0.85731646
1.39823,0.35264,0.86900556
1.39823,0.37436,0.88085508
1.39823,0.39609,0.89286661
1.39823,0.41782,0.90504178
1.39823,0.43955,0.91738224
1.39823,0.46127,0.92988964
1.39823,0.48300,0.94256565
1.39823,0.50473,0.95541199
1.39823,0.52645,0.96843034
1.39823,0.54818,0.98162244
1.39823,0.56991,0.99499004
1.39823,0.59164,1.00853489
1.39823,0.61336,1.02225877
1.39823,0.63509,1.03616348
1.39823,0.65682,1.05025083
1.39823,0.67855,1.06452265
1.39823,0.70027,1.07898078
1.39823,0.72200,1.09362709
1.39823,0.74373,1.10846346
1.39823,0.76545,1.12349178
1.39823,0.78718,1.13871398
1.39823,0.80891,1.15413199
1.39823,0.83064,1.16974775
1.39823,0.85236,1.18556323
1.39823,0.87409,1.20158042
1.39823,0.89582,1.21780133
1.39823,0.91755,1.23422796
1.39823,0.93927,1.25086237
1.39823,0.96100,1.26770661
1.39823,0.98273,1.28476274
1.39823,1.00445,1.30203287
1.39823,1.02618,1.31951910
1.39823,1.04791,1.33722356
1.39823,1.06964,1.35514840
1.39823,1.09136,1.37329579
1.39823,1.11309,1.39166790
1.39823,1.13482,1.41026694
1.39823,1.15655,1.42909512
1.39823,1.17827,1.44815470
1.39823,1.20000,1.46744792
1.41519,0.00500,0.70322955
1.41519,0.02673,0.71281443
1.41519,0.04845,0.72253891
1.41519,0.07018,0.73240438
1.41519,0.09191,0.74241223
1.41519,0.11364,0.75256390
1.41519,0.13536,0.76286081
1.41519,0.15709,0.77330442
1.41519,0.17882,0.78389621
1.41519,0.20055,0.79463765
1.41519,0.22227,0.80553027
1.41519,0.24400,0.81657558
1.41519,0.26573,0.82777512
1.41519,0.28745,0.83913045
1.41519,0.30918,0.85064315
1.41519,0.33091,0.86231480
1.41519,0.35264,0.87414701
1.41519,0.37436,0.88614140
1.41519,0.39609,0.89829963
1.41519,0.41782,0.91062333
1.41519,0.43955,0.92311420
1.41519,0.46127,0.93577392
1.41519,0.48300,0.94860419
1.41519,0.50473,0.96160675
1.41519,0.52645,0.97478333
1.41519,0.54818,0.98813570
1.41519,0.56991,1.00166563
1.41519,0.59164,1.01537491
1.41519,0.61336,1.02926535
1.41519,0.63509,1.04333877
1.41519,0.65682,1.05759703
1.41519,0.67855,1.07204198
1.41519,0.70027,1.08667550
1.41519,0.72200,1.10149948
1.41519,0.74373,1.11651583
1.41519,0.76545,1.13172649
1.41519,0.78718,1.14713340
1.41519,0.80891,1.16273853
1.41519,0.83064,1.17854385
1.41519,0.85236,1.19455136
1.41519,0.87409,1.21076309
1.41519,0.89582,1.22718106
1.41519,0.91755,1.24380733
1.41519,0.93927,1.26064396
1.41519,0.96100,1.27769305
1.41519,0.98273,1.29495669
1.41519,1.00445,1.31243702
1.41519,1.02618,1.33013618
1.41519,1.04791,1.34805631
1.41519,1.06964,1.36619961
1.41519,1.09136,1.38456827
1.41519,1.11309,1.40316451
1.41519,1.13482,1.42199054
1.41519,1.15655,1.44104864
1.41519,1.17827,1.46034107
1.41519,1.20000,1.47987012
1.43215,0.00500,0.70620937
1.43215,0.02673,0.71590128
1.43215,0.04845,0.72573363
1.43215,0.07018,0.73570784
1.43215,0.09191,0.74582534
1.43215,0.11364,0.75608756
1.43215,0.13536,0.76649598
1.43215,0.15709,0.77705206
1.43215,0.17882,0.78775732
1.43215,0.20055,0.79861326
1.43215,0.22227,0.80962140
1.43215,0.24400,0.82078330
1.43215,0.26573,0.83210051
1.43215,0.28745,0.84357462
1.43215,0.30918,0.85520721
1.43215,0.33091,0.86699991
1.43215,0.35264,0.87895433
1.43215,0.37436,0.89107212
1.43215,0.39609,0.90335494
1.43215,0.41782,0.91580447
1.43215,0.43955,0.92842239
1.43215,0.46127,0.94121043
1.43215,0.48300,0.95417030
1.43215,0.50473,0.96730374
1.43215,0.52645,0.98061252
1.43215,0.54818,0.99409841
1.43215,0.56991,1.00776321
1.43215,0.59164,1.02160871
1.43215,0.61336,1.03563676
1.43215,0.63509,1.04984918
1.43215,0.65682,1.06424784
1.43215,0.67855,1.07883461
1.43215,0.70027,1.09361138
1.43215,0.72200,1.10858008
1.43215,0.74373,1.12374261
1.43215,0.76545,1.13910092
1.43215,0.78718,1.15465698
1.43215,0.80891,1.17041277
1.43215,0.83064,1.18637027
1.43215,0.85236,1.20253149
1.43215,0.87409,1.21889848
1.43215,0.89582,1.23547327
1.43215,0.91755,1.25225794
1.43215,0.93927,1.26925455
1.43215,0.96100,1.28646522
1.43215,0.98273,1.30389205
1.43215,1.00445,1.32153719
1.43215,1.02618,1.33940279
1.43215,1.04791,1.35749102
1.43215,1.06964,1.37580406
1.43215,1.09136,1.39434413
1.43215,1.11309,1.41311346
1.43215,1.13482,1.43211427
1.43215,1.15655,1.45134885
1.43215,1.17827,1.47081947
1.43215,1.20000,1.49052842
1.44911,0.00500,0.70912915
1.44911,0.02673,0.71891553
1.44911,0.04845,0.72884307
1.44911,0.07018,0.73891323
1.44911,0.09191,0.74912744
1.44911,0.11364,0.75948718
1.44911,0.13536,0.76999394
1.44911,0.15709,0.78064921
1.44911,0.17882,0.79145452
1.44911,0.20055,0.80241141
1.44911,0.22227,0.81352141
1.44911,0.24400,0.82478611
1.44911,0.26573,0.83620707
1.44911,0.28745,0.84778591
1.44911,0.30918,0.85952424
1.44911,0.33091,0.87142368
1.44911,0.35264,0.88348590
1.44911,0.37436,0.89571254
1.44911,0.39609,0.90810528
1.44911,0.41782,0.92066584
1.44911,0.43955,0.93339591
1.44911,0.46127,0.94629723
1.44911,0.48300,0.95937154
1.44911,0.50473,0.97262060
1.44911,0.52645,0.98604619
1.44911,0.54818,0.99965011
1.44911,0.56991,1.01343415
1.44911,0.59164,1.02740016
1.44911,0.61336,1.04154997
1.44911,0.63509,1.05588545
1.44911,0.65682,1.07040846
1.44911,0.67855,1.08512091
1.44911,0.70027,1.10002471
1.44911,0.72200,1.11512177
1.44911,0.74373,1.13041404
1.44911,0.76545,1.14590349
1.44911,0.78718,1.16159209
1.44911,0.80891,1.17748184
1.44911,0.83064,1.19357475
1.44911,0.85236,1.20987285
1.44911,0.87409,1.22637818
1.44911,0.89582,1.24309280
1.44911,0.91755,1.26001881
1.44911,0.93927,1.27715830
1.44911,0.96100,1.29451338
1.44911,0.98273,1.31208618
1.44911,1.00445,1.32987887
1.44911,1.02618,1.34789361
1.44911,1.04791,1.36613259
1.44911,1.06964,1.38459802
1.44911,1.09136,1.40329211
1.44911,1.11309,1.42221711
1.44911,1.13482,1.44137528
1.44911,1.15655,1.46076890
1.44911,1.17827,1.48040027
1.44911,1.20000,1.50027171
1.46608,0.00500,0.71199069
1.46608,0.02673,0.72185955
1.46608,0.04845,0.73186989
1.46608,0.07018,0.74202318
1.46608,0.09191,0.75232087
1.46608,0.11364,0.76276445
1.46608,0.13536,0.77335542
1.46608,0.15709,0.78409529
1.46608,0.17882,0.79498559
1.46608,0.20055,0.80602785
1.46608,0.22227,0.81722365
1.46608,0.24400,0.82857455
1.46608,0.26573,0.84008216
1.46608,0.28745,0.85174806
1.46608,0.30918,0.86357389
1.46608,0.33091,0.87556129
1.46608,0.35264,0.88771191
1.46608,0.37436,0.90002741
1.46608,0.39609,0.91250949
1.46608,0.41782,0.92515984
1.46608,0.43955,0.93798018
1.46608,0.46127,0.95097225
1.46608,0.48300,0.96413778
1.46608,0.50473,0.97747856
1.46608,0.52645,0.99099635
1.46608,0.54818,1.00469296
1.46608,0.56991,1.01857019
1.46608,0.59164,1.03262988
1.46608,0.61336,1.04687386
1.46608,0.63509,1.06130401
1.46608,0.65682,1.07592220
1.46608,0.67855,1.09073032
1.46608,0.70027,1.10573028
1.46608,0.72200,1.12092402
1.46608,0.74373,1.13631346
1.46608,0.76545,1.15190058
1.46608,0.78718,1.16768735
1.46608,0.80891,1.18367576
1.46608,0.83064,1.19986782
1.46608,0.85236,1.21626557
1.46608,0.87409,1.23287104
1.46608,0.89582,1.24968629
1.46608,0.91755,1.26671341
1.46608,0.93927,1.28395448
1.46608,0.96100,1.30141163
1.46608,0.98273,1.31908698
1.46608,1.00445,1.33698268
1.46608,1.02618,1.35510089
1.46608,1.04791,1.37344380
1.46608,1.06964,1.39201361
1.46608,1.09136,1.41081253
1.46608,1.11309,1.42984281
1.46608,1.13482,1.44910669
1.46608,1.15655,1.46860646
1.46608,1.17827,1.48834439
1.46608,1.20000,1.50832280
1.48304,0.00500,0.71479572
1.48304,0.02673,0.72473602
1.48304,0.04845,0.73481804
1.48304,0.07018,0.74504325
1.48304,0.09191,0.75541312
1.48304,0.11364,0.76592915
1.48304,0.13536,0.77659284
1.48304,0.15709,0.78740572
1.48304,0.17882,0.79836933
1.48304,0.20055,0.80948522
1.48304,0.22227,0.82075495
1.48304,0.24400,0.83218012
1.48304,0.26573,0.84376232
1.48304,0.28745,0.85550317
1.48304,0.30918,0.86740429
1.48304,0.33091,0.87946734
1.48304,0.35264,0.89169398
1.48304,0.37436,0.90408587
1.48304,0.39609,0.91664472
1.48304,0.41782,0.92937223
1.48304,0.43955,0.94227012
1.48304,0.46127,0.95534013
1.48304,0.48300,0.96858402
1.48304,0.50473,0.98200356
1.48304,0.52645,0.99560052
1.48304,0.54818,1.00937672
1.48304,0.56991,1.02333398
1.48304,0.59164,1.03747411
1.48304,0.61336,1.05179898
1.48304,0.63509,1.06631045
1.48304,0.65682,1.08101040
1.48304,0.67855,1.09590072
1.48304,0.70027,1.11098334
1.48304,0.72200,1.12626018
1.48304,0.74373,1.14173318
1.48304,0.76545,1.15740431
1.48304,0.78718,1.17327556
1.48304,0.80891,1.18934891
1.48304,0.83064,1.20562637
1.48304,0.85236,1.22210999
1.48304,0.87409,1.23880179
1.48304,0.89582,1.25570385
1.48304,0.91755,1.27281825
1.48304,0.93927,1.29014708
1.48304,0.96100,1.30769245
1.48304,0.98273,1.32545650
1.48304,1.00445,1.34344137
1.48304,1.02618,1.36164924
1.48304,1.04791,1.38008228
1.48304,1.06964,1.39874269
1.48304,1.09136,1.41763270
1.48304,1.11309,1.43675454
1.48304,1.13482,1.45611045
1.48304,1.15655,1.47570273
1.48304,1.17827,1.49553365
1.48304,1.20000,1.51560552
1.50000,0.00500,0.71754590
1.50000,0.02673,0.72754717
1.50000,0.04845,0.73769011
1.50000,0.07018,0.74797619
1.50000,0.09191,0.75840689
1.50000,0.11364,0.76898371
1.50000,0.13536,0.77970816
1.50000,0.15709,0.79058176
1.50000,0.17882,0.80160605
1.50000,0.20055,0.81278260
1.50000,0.22227,0.82411296
1.50000,0.24400,0.83559873
1.50000,0.26573,0.84724150
1.50000,0.28745,0.85904289
1.50000,0.30918,0.87100453
1.50000,0.33091,0.88312806
1.50000,0.35264,0.89541515
1.50000,0.37436,0.90786746
1.50000,0.39609,0.92048669
1.50000,0.41782,0.93327455
1.50000,0.43955,0.94623274
1.50000,0.46127,0.95936302
1.50000,0.48300,0.97266712
1.50000,0.50473,0.98614683
1.50000,0.52645,0.99980391
1.50000,0.54818,1.01364016
1.50000,0.56991,1.02765740
1.50000,0.59164,1.04185746
1.50000,0.61336,1.05624217
1.50000,0.63509,1.07081341
1.50000,0.65682,1.08557304
1.50000,0.67855,1.10052295
1.50000,0.70027,1.11566505
1.50000,0.72200,1.13100127
1.50000,0.74373,1.14653355
1.50000,0.76545,1.16226383
1.50000,0.78718,1.17819409
1.50000,0.80891,1.19432632
1.50000,0.83064,1.21066253
1.50000,0.85236,1.22720472
1.50000,0.87409,1.24395494
1.50000,0.89582,1.26091524
1.50000,0.91755,1.27808770
1.50000,0.93927,1.29547439
1.50000,0.96100,1.31307742
1.50000,0.98273,1.33089891
1.50000,1.00445,1.34894100
1.50000,1.02618,1.36720585
1.50000,1.04791,1.38569561
1.50000,1.06964,1.40441249
1.50000,1.09136,1.42335869
1.50000,1.11309,1.44253643
1.50000,1.13482,1.46194795
1.50000,1.15655,1.48159551
1.50000,1.17827,1.50148139
1.50000,1.20000,1.52160787
